100
0.00 14.18 8.04 10.59 44.45 13.80 10.49 74.99 43.31 32.41 65.99 30.92 56.61 75.36 71.00 71.85 72.97 74.21 35.52 33.37 62.73 66.61 71.24 35.91 24.00 43.28 42.76 44.05 115.59 110.12 107.31 67.95 74.43 78.97 74.22 43.75 54.41 123.56 143.47 135.33 128.19 21.05 78.46 63.62 61.16 74.60 136.33 146.78 125.98 135.83 64.86 62.17 70.49 62.78 63.29 108.55 97.19 40.24 44.84 53.76 119.11 130.17 125.11 126.03 104.18 126.75 36.23 38.99 45.90 123.44 132.05 124.46 136.58 37.38 63.95 81.51 83.51 79.45 94.29 109.41 107.49 113.31 103.79 92.64 122.85 120.58 132.03 124.03 128.03 106.80 109.95 110.02 69.53 31.84 19.81 16.95 13.15 25.77 15.98 67.08
14.18 0.00 18.96 9.25 58.07 0.40 10.12 77.92 45.04 33.75 60.25 44.54 70.23 89.51 85.13 85.94 87.01 88.18 34.70 43.71 76.91 80.44 80.76 32.17 27.86 56.38 55.92 50.78 124.55 114.71 111.29 67.15 66.16 85.13 88.11 37.52 59.51 131.68 153.24 145.22 132.66 22.83 92.64 77.80 75.34 88.77 147.00 157.04 133.37 145.00 79.02 76.33 84.19 73.98 76.98 119.85 103.76 49.81 47.50 57.67 126.04 136.00 133.02 131.53 111.08 138.08 39.71 34.77 44.65 131.52 136.85 128.53 145.91 37.72 78.13 95.06 91.93 88.59 101.11 121.29 119.47 124.99 115.97 103.17 134.89 124.51 137.47 129.53 133.50 112.46 115.21 114.87 64.95 25.34 17.56 10.77 27.25 39.93 14.01 81.08
8.04 18.96 0.00 11.34 44.37 18.66 10.66 67.37 36.29 25.87 74.00 26.01 51.54 71.86 67.34 67.99 68.89 69.90 43.47 25.68 59.96 61.96 75.31 43.94 17.00 37.47 37.03 50.08 107.75 102.18 99.45 75.74 82.19 84.80 69.68 51.68 60.91 115.61 135.81 127.70 120.25 15.31 75.61 60.54 58.34 72.06 128.94 139.27 117.97 128.04 62.37 58.88 65.52 65.65 58.33 101.41 89.15 32.39 52.17 60.66 111.07 122.14 117.13 118.02 96.14 119.63 28.85 47.02 53.83 115.48 124.08 116.56 128.82 31.01 61.31 76.26 88.18 83.69 99.72 102.58 100.72 106.37 97.14 85.17 116.12 112.71 124.02 116.02 120.02 98.78 101.96 102.06 77.57 39.66 16.53 16.77 11.08 23.19 13.74 62.90
10.59 9.25 11.34 0.00 54.40 9.10 0.88 69.62 36.92 25.59 68.81 37.32 62.75 83.18 78.67 79.33 80.23 81.22 41.25 34.71 71.16 73.24 81.65 39.83 18.87 48.48 48.08 53.57 115.30 106.03 102.77 74.03 75.26 88.45 80.97 46.06 63.37 122.46 144.02 136.00 124.03 14.19 86.84 71.80 69.55 83.22 137.87 147.85 124.21 135.75 73.51 70.17 76.74 73.37 69.56 110.87 94.69 40.65 52.60 62.20 116.93 127.08 123.82 122.66 101.97 129.09 31.00 42.66 51.54 122.30 128.15 120.00 136.66 30.02 72.48 87.38 93.70 89.80 104.03 112.48 110.70 116.11 107.28 94.04 126.13 116.02 128.62 120.67 124.64 103.55 106.38 106.13 73.19 33.79 10.37 6.37 21.60 34.20 6.29 74.24
44.45 58.07 44.37 54.40 0.00 57.68 54.01 94.68 72.22 65.32 86.40 27.69 33.76 38.48 35.58 37.24 39.36 41.60 55.11 45.27 24.56 37.63 42.02 60.94 56.85 33.13 32.44 38.13 110.29 120.92 120.23 74.96 99.82 61.05 42.93 70.56 48.15 120.93 132.52 124.38 137.93 58.02 38.61 26.77 23.57 33.96 121.70 133.47 125.97 128.00 25.10 26.67 42.61 28.07 37.21 92.90 102.95 50.55 50.90 51.67 121.33 135.37 123.14 132.66 107.96 109.38 64.18 63.58 61.30 121.00 140.49 135.69 128.04 70.24 24.99 53.35 56.36 50.13 71.36 90.40 88.07 95.09 83.51 82.90 101.79 132.53 138.40 130.79 134.59 114.54 118.69 120.06 86.34 63.24 60.81 60.60 33.30 22.59 58.08 35.13
13.80 0.40 18.66 9.10 57.68 0.00 9.96 77.93 45.06 33.76 60.25 44.20 69.90 89.14 84.76 85.58 86.65 87.82 34.53 43.48 76.53 80.10 80.40 32.06 27.78 56.07 55.61 50.45 124.39 114.69 111.28 67.01 66.25 84.83 87.76 37.51 59.23 131.55 153.06 145.03 132.64 22.79 92.26 77.43 74.96 88.38 146.78 156.84 133.26 144.84 78.64 75.96 83.85 73.59 76.64 119.62 103.68 49.61 47.25 57.41 125.94 135.94 132.90 131.48 110.99 137.84 39.67 34.69 44.50 131.39 136.82 128.52 145.74 37.77 77.75 94.73 91.59 88.24 100.80 121.04 119.21 124.74 115.70 102.96 134.63 124.51 137.42 129.48 133.45 112.40 115.16 114.84 64.91 25.31 17.60 10.87 26.89 39.56 14.00 80.72
10.49 10.12 10.66 0.88 54.01 9.96 0.00 68.91 36.25 24.93 69.58 36.61 62.00 82.52 78.00 78.65 79.53 80.51 41.84 33.84 70.56 72.51 81.67 40.53 18.08 47.69 47.29 53.79 114.43 105.27 102.02 74.62 76.10 88.69 80.24 46.84 63.68 121.61 143.14 135.13 123.27 13.47 86.23 71.17 68.94 82.63 136.99 146.98 123.37 134.88 72.92 69.53 75.99 73.25 68.81 110.00 93.86 39.78 53.04 62.58 116.10 126.27 122.96 121.87 101.14 128.22 30.25 43.37 52.15 121.45 127.38 119.26 135.79 29.42 71.89 86.61 93.80 89.84 104.23 111.62 109.84 115.25 106.43 93.17 125.27 115.28 127.83 119.87 123.85 102.75 105.59 105.36 73.93 34.56 9.97 6.62 21.09 33.64 5.90 73.54
74.99 77.92 67.37 69.62 94.68 77.93 68.91 0.00 32.90 44.17 138.17 67.31 72.59 95.60 91.42 90.47 89.33 88.21 110.26 50.08 92.55 80.85 135.22 109.44 51.23 63.29 63.80 115.94 62.78 37.77 33.66 142.90 143.06 149.42 86.18 115.44 127.29 64.64 92.48 86.01 55.24 55.44 102.71 90.96 91.21 102.22 92.63 98.80 63.04 81.72 95.80 88.66 80.12 122.35 76.53 75.37 33.92 44.16 119.50 127.60 54.63 60.74 64.93 55.69 41.37 90.10 38.87 112.28 120.66 64.30 59.76 50.82 83.37 40.46 94.17 83.85 149.33 143.68 162.91 81.63 81.23 82.62 80.65 57.58 93.80 46.74 61.36 53.77 57.55 38.05 39.55 38.36 142.78 103.23 60.40 67.40 72.63 75.02 63.95 85.06
43.31 45.04 36.29 36.92 72.22 45.06 36.25 32.90 0.00 11.34 105.28 45.12 61.17 85.54 80.84 80.58 80.33 80.16 77.96 28.59 78.00 71.71 109.34 76.74 19.35 47.42 47.59 86.26 86.19 70.11 66.41 110.73 110.32 120.75 78.83 82.56 97.19 91.25 116.15 108.67 87.90 22.83 91.55 77.30 76.41 89.56 112.82 121.25 91.58 106.55 81.13 75.08 73.05 97.95 67.17 89.35 61.39 27.12 88.15 96.91 83.68 92.18 92.17 87.44 69.02 106.74 8.14 79.53 88.32 91.01 92.24 83.63 107.82 7.82 79.63 80.78 122.87 117.84 135.26 93.32 92.12 95.86 89.91 70.85 106.92 79.58 93.29 85.46 89.37 68.74 71.07 70.42 109.95 70.36 27.50 34.50 43.84 50.05 31.10 74.78
32.41 33.75 25.87 25.59 65.32 33.76 24.93 44.17 11.34 0.00 94.01 39.63 59.57 83.40 78.65 78.68 78.78 78.97 66.70 25.73 74.33 70.45 100.40 65.41 9.05 44.91 44.90 75.94 94.74 81.12 77.57 99.48 99.33 110.67 77.95 71.27 86.65 100.59 124.41 116.71 99.00 11.57 88.81 74.01 72.69 86.29 120.09 129.09 101.43 115.24 77.30 71.91 72.53 89.72 66.05 95.21 71.38 27.27 77.17 86.16 93.73 102.84 101.67 98.21 78.91 113.04 7.36 68.20 77.04 100.38 103.26 94.81 116.39 5.20 75.91 81.40 113.61 108.86 125.50 98.40 96.99 101.34 94.33 77.09 112.14 90.78 104.11 96.23 100.17 79.33 81.85 81.35 98.63 59.06 16.28 23.33 34.62 42.74 19.78 72.95
65.99 60.25 74.00 68.81 86.40 60.25 69.58 138.17 105.28 94.01 0.00 91.65 114.41 124.87 121.80 123.35 125.30 127.35 32.92 99.06 110.93 121.88 76.57 30.20 87.65 104.57 103.89 50.66 181.28 174.85 171.52 23.81 15.44 63.33 128.32 22.76 46.28 189.51 208.48 200.27 192.84 82.94 124.60 113.02 109.86 119.79 200.33 211.26 191.97 201.34 111.45 112.65 126.65 81.01 120.02 171.81 162.99 106.11 36.43 41.13 185.03 195.72 191.08 191.40 170.08 189.70 99.81 27.07 25.10 189.40 196.96 188.76 201.99 97.87 111.39 137.96 78.66 79.99 77.78 171.42 169.29 175.71 165.12 157.24 184.19 184.75 197.37 189.39 193.38 172.23 175.15 174.94 7.04 35.03 77.78 70.82 74.86 82.82 74.25 120.42
30.92 44.54 26.01 37.32 27.69 44.20 36.61 67.31 45.12 39.63 91.65 0.00 25.72 46.24 41.62 42.15 42.94 43.90 58.81 17.57 35.35 35.96 68.05 62.01 32.21 13.00 12.36 53.41 91.60 95.79 94.51 87.15 102.33 83.96 43.67 71.18 65.00 101.08 117.35 109.11 113.36 35.01 50.59 35.47 33.70 47.51 108.72 119.77 104.97 110.97 38.13 33.60 39.65 55.05 32.44 80.17 79.15 23.20 61.66 66.80 99.29 112.35 103.00 109.07 85.02 98.11 37.28 65.13 68.03 101.05 116.37 110.63 111.41 44.16 36.85 50.60 82.27 76.47 96.37 80.06 78.00 84.23 74.03 66.05 93.16 107.23 114.98 107.13 111.05 90.28 94.17 95.15 93.69 60.46 39.76 42.27 18.17 9.56 38.41 36.94
56.61 70.23 51.54 62.75 33.76 69.90 62.00 72.59 61.17 59.57 114.41 25.72 0.00 24.42 19.77 19.41 19.25 19.42 81.58 33.84 20.33 10.93 74.33 85.75 54.23 14.92 15.11 70.28 76.81 91.87 92.20 106.55 126.16 94.63 18.62 95.22 81.09 87.72 98.84 90.67 107.84 58.23 30.83 18.47 19.21 29.74 88.37 100.02 93.18 94.25 23.52 16.20 13.99 59.77 6.83 59.48 72.66 34.08 81.38 84.10 89.18 103.76 90.02 101.57 76.70 76.50 54.81 88.78 89.82 87.81 109.84 106.27 94.28 63.00 21.89 24.91 88.43 81.86 103.95 57.70 55.44 62.23 51.07 49.26 69.96 103.52 107.09 99.80 103.43 84.48 88.85 90.71 115.61 85.20 63.86 67.29 43.69 32.41 63.14 13.61
75.36 89.51 71.86 83.18 38.48 89.14 82.52 95.60 85.54 83.40 124.87 46.24 24.42 0.00 4.75 5.15 6.54 8.53 93.28 57.78 13.97 14.76 69.23 98.74 77.37 38.51 38.50 76.00 87.46 110.38 111.61 112.68 138.17 91.98 11.03 108.40 85.00 99.17 103.60 95.97 124.85 80.86 7.42 12.15 15.16 9.50 90.87 102.88 105.86 101.62 13.68 13.24 16.27 55.26 19.17 63.79 90.44 58.49 89.25 89.06 103.50 118.69 101.71 117.40 93.02 77.50 79.01 101.52 99.77 99.38 126.10 124.07 101.13 87.08 13.51 20.50 81.87 75.13 97.70 58.97 56.58 63.76 51.90 60.47 67.97 121.81 122.45 115.82 119.11 102.13 106.63 108.96 124.76 100.05 85.95 88.41 62.25 49.60 84.64 10.85
71.00 85.13 67.34 78.67 35.58 84.76 78.00 91.42 80.84 78.65 121.80 41.62 19.77 4.75 0.00 2.00 4.50 7.09 89.92 53.04 11.18 10.70 68.70 95.21 72.64 33.76 33.75 73.49 85.74 107.20 108.24 110.29 134.87 91.12 9.33 104.87 82.87 97.36 103.10 95.33 122.01 76.16 11.29 8.81 12.01 11.64 90.75 102.75 103.82 100.61 11.96 9.28 13.25 54.45 14.88 63.09 87.36 53.80 86.47 86.77 101.14 116.25 99.86 114.78 90.23 77.58 74.27 98.03 96.71 97.54 123.41 121.06 100.21 82.34 11.26 20.00 81.75 75.00 97.60 58.80 56.40 63.60 51.70 58.43 68.55 118.69 119.93 113.15 116.52 99.10 103.59 105.83 121.90 96.25 81.29 83.84 57.88 45.28 80.03 6.37
71.85 85.94 67.99 79.33 37.24 85.58 78.65 90.47 80.58 78.68 123.35 42.15 19.41 5.15 2.00 0.00 2.50 5.09 91.37 53.00 13.00 9.62 70.70 96.58 72.85 33.76 33.80 75.23 83.86 105.70 106.82 112.04 136.34 93.10 7.36 106.24 84.69 95.49 101.11 93.34 120.39 76.48 12.35 10.51 13.72 13.28 88.75 100.75 102.00 98.65 13.93 10.71 11.60 56.44 14.02 61.10 85.82 53.49 88.13 88.55 99.39 114.52 98.00 113.10 88.60 75.58 74.14 99.42 98.27 95.68 121.75 119.50 98.24 82.27 13.17 18.00 83.75 77.00 99.60 56.80 54.40 61.60 49.70 56.60 66.57 117.17 118.22 111.48 114.83 97.54 102.04 104.31 123.52 97.49 81.71 84.41 58.71 46.19 80.54 5.80
72.97 87.01 68.89 80.23 39.36 86.65 79.53 89.33 80.33 78.78 125.30 42.94 19.25 6.54 4.50 2.50 0.00 2.59 93.21 53.06 15.34 8.73 73.19 98.32 73.18 33.93 34.02 77.41 81.52 103.85 105.06 114.24 138.19 95.57 4.91 107.98 86.96 93.18 98.62 90.86 118.39 76.95 13.97 12.77 15.95 15.44 86.25 98.25 99.73 96.20 16.41 12.70 9.72 58.92 13.29 58.62 83.93 53.21 90.22 90.79 97.21 112.37 95.69 111.01 86.57 73.08 74.06 101.19 100.24 93.37 119.69 117.57 95.78 82.25 15.60 15.50 86.25 79.50 102.10 54.30 51.90 59.10 47.20 54.33 64.11 115.29 116.10 109.41 112.73 95.62 100.12 102.44 125.56 99.07 82.31 85.20 59.83 47.42 81.25 6.01
74.21 88.18 69.90 81.22 41.60 87.82 80.51 88.21 80.16 78.97 127.35 43.90 19.42 8.53 7.09 5.09 2.59 0.00 95.15 53.24 17.81 8.52 75.77 100.17 73.62 34.30 34.44 79.70 79.11 101.97 103.28 116.54 140.13 98.13 2.50 109.81 89.34 90.78 96.04 88.29 116.34 77.51 15.88 15.19 18.34 17.78 83.66 95.66 97.40 93.66 18.97 14.93 8.14 61.49 13.00 56.05 82.00 53.04 92.40 93.12 94.98 110.16 93.31 108.87 84.51 70.49 74.06 103.06 102.30 90.98 117.57 115.59 93.23 82.32 18.13 12.91 88.84 82.09 104.69 51.71 49.31 56.51 44.61 52.00 61.56 113.36 113.91 107.28 110.58 93.66 98.17 100.53 127.69 100.75 83.00 86.07 61.07 48.79 82.06 7.20
35.52 34.70 43.47 41.25 55.11 34.53 41.84 110.26 77.96 66.70 32.92 58.81 81.58 93.28 89.92 91.37 93.21 95.15 0.00 67.37 79.33 89.33 57.33 7.30 59.04 71.70 71.01 25.48 149.19 145.64 142.81 32.79 44.98 54.44 95.99 15.91 29.08 157.81 175.93 167.70 163.71 55.14 93.72 81.25 78.14 89.03 167.53 178.54 160.70 169.06 80.17 80.68 94.04 56.47 87.30 138.94 132.39 74.55 14.96 25.60 154.08 165.51 159.49 161.45 139.22 156.80 71.40 8.94 10.39 157.73 167.55 159.97 169.64 71.26 79.94 105.38 64.98 63.54 70.81 138.50 136.37 142.80 132.21 124.63 151.29 156.08 167.45 159.45 163.45 142.21 145.42 145.53 35.01 14.75 51.41 45.23 42.51 49.91 47.42 88.12
33.37 43.71 25.68 34.71 45.27 43.48 33.84 50.08 28.59 25.73 99.06 17.57 33.84 57.78 53.04 53.00 53.06 53.24 67.37 0.00 49.48 44.73 85.15 68.87 21.13 19.28 19.33 67.43 82.27 80.64 78.81 98.31 107.79 99.83 52.26 77.07 79.02 90.51 110.14 102.02 98.53 25.90 63.42 48.88 47.88 61.18 103.37 113.61 93.35 102.47 52.58 46.71 46.92 72.47 40.34 76.16 65.55 7.25 73.36 80.06 86.87 98.88 92.15 95.15 72.11 94.38 21.38 72.00 77.42 90.41 101.91 95.40 103.21 29.30 51.10 56.21 99.25 93.62 112.94 77.86 76.12 81.43 72.84 59.56 91.55 91.81 101.14 93.17 97.15 76.02 79.60 80.21 102.17 65.21 32.30 37.37 25.25 24.96 32.80 47.26
62.73 76.91 59.96 71.16 24.56 76.53 70.56 92.55 78.00 74.33 110.93 35.35 20.33 13.97 11.18 13.00 15.34 17.81 79.33 49.48 0.00 16.87 58.50 84.83 67.44 30.78 30.52 62.34 93.81 111.92 112.41 99.13 124.20 80.53 19.61 94.49 71.69 105.19 112.80 104.89 127.55 70.36 15.73 2.75 1.65 12.18 100.87 112.84 111.24 109.68 3.26 4.38 21.34 44.05 19.01 72.73 92.47 51.72 75.42 75.59 107.91 122.78 107.62 120.90 96.09 87.92 70.82 87.59 85.83 105.34 129.33 126.18 109.42 78.46 1.66 30.46 71.94 65.21 87.76 69.00 66.61 73.79 61.92 66.17 79.28 123.54 126.27 119.18 122.71 104.30 108.72 110.70 110.89 86.31 74.91 76.70 49.80 37.06 73.20 12.77
66.61 80.44 61.96 73.24 37.63 80.10 72.51 80.85 71.71 70.45 121.88 35.96 10.93 14.76 10.70 9.62 8.73 8.52 89.33 44.73 16.87 0.00 75.07 94.00 65.16 25.84 26.01 75.58 76.97 96.73 97.66 112.33 134.22 96.67 7.75 103.59 85.78 88.39 96.25 88.27 111.79 69.13 21.92 14.19 16.60 22.16 84.68 96.58 94.56 92.87 19.29 12.69 4.98 60.52 4.56 56.22 76.98 44.58 87.67 89.24 91.46 106.46 90.84 104.79 80.11 72.02 65.55 96.96 96.97 88.55 113.34 110.71 92.65 73.80 17.91 16.09 88.68 81.97 104.47 53.03 50.66 57.77 46.04 49.36 64.16 108.27 110.05 103.12 106.57 88.76 93.23 95.40 122.60 94.09 74.70 77.95 53.53 41.58 73.87 4.65
71.24 80.76 75.31 81.65 42.02 80.40 81.67 135.22 109.34 100.40 76.57 68.05 74.33 69.23 68.70 70.70 73.19 75.77 57.33 85.15 58.50 75.07 0.00 64.61 91.36 75.12 74.42 32.14 151.07 162.87 162.05 55.91 91.99 23.31 77.85 71.75 30.70 162.05 171.28 163.33 179.95 90.61 65.06 61.25 58.52 60.59 159.34 171.32 167.43 167.83 56.83 62.42 79.77 14.61 76.15 131.21 144.97 91.24 43.84 35.77 163.09 177.28 164.35 174.64 149.90 146.26 101.23 65.60 56.18 162.14 182.51 177.66 167.67 105.59 57.83 88.67 14.35 8.51 29.62 127.42 125.02 132.21 120.33 123.42 137.14 174.46 180.36 172.78 176.57 156.56 160.70 162.04 73.10 71.43 90.91 87.85 65.78 60.31 87.20 71.25
35.91 32.17 43.94 39.83 60.94 32.06 40.53 109.44 76.74 65.41 30.20 62.01 85.75 98.74 95.21 96.58 98.32 100.17 7.30 68.87 84.83 94.00 64.61 0.00 58.36 75.00 74.35 32.78 151.09 145.51 142.43 35.34 40.43 60.95 100.87 9.67 35.98 159.33 178.39 170.20 163.56 54.00 99.53 86.63 83.57 94.90 170.47 181.30 161.87 171.17 85.85 85.93 98.60 63.67 91.72 142.10 133.07 75.92 21.73 32.15 155.01 165.97 160.92 161.75 140.08 160.11 70.68 3.15 13.41 159.22 167.56 159.65 171.83 69.68 85.53 109.96 72.02 70.74 77.30 142.05 139.96 146.24 135.91 127.20 155.04 155.70 167.74 159.75 163.74 142.53 145.58 145.52 33.67 8.56 49.55 42.93 44.80 53.58 45.72 93.05
24.00 27.86 17.00 18.87 56.85 27.78 18.08 51.23 19.35 9.05 87.65 32.21 54.23 77.37 72.64 72.85 73.18 73.62 59.04 21.13 67.44 65.16 91.36 58.36 0.00 39.32 39.19 67.07 97.37 87.23 84.07 91.72 94.02 101.72 72.82 64.91 77.90 104.09 126.54 118.65 105.25 5.48 82.36 67.35 65.79 79.55 121.21 130.76 105.57 117.89 70.30 65.35 67.72 80.79 60.92 95.18 75.91 24.95 68.83 77.57 98.19 108.21 105.36 103.79 83.24 113.27 12.37 61.27 69.43 103.91 109.32 101.29 118.89 14.25 68.98 77.29 104.56 99.81 116.49 97.65 96.06 100.92 93.05 77.61 111.41 97.34 109.75 101.79 105.77 84.68 87.51 87.30 91.90 52.63 12.18 18.65 25.59 34.27 14.23 67.24
43.28 56.38 37.47 48.48 33.13 56.07 47.69 63.29 47.42 44.91 104.57 13.00 14.92 38.51 33.76 33.76 33.93 34.30 71.70 19.28 30.78 25.84 75.12 75.00 39.32 0.00 0.75 64.58 79.83 87.79 87.18 99.34 115.33 93.07 33.53 84.18 76.01 89.76 104.84 96.59 104.84 43.32 44.19 29.91 29.25 42.15 95.89 107.04 94.15 98.82 33.98 27.68 28.65 61.16 21.67 67.25 69.95 20.94 73.84 78.25 88.98 102.66 91.81 99.76 75.21 85.14 40.58 78.12 80.75 89.77 107.47 102.57 99.17 48.58 32.43 38.95 89.46 83.26 104.30 67.06 65.00 71.24 61.04 53.64 80.18 99.41 105.56 97.87 101.71 81.47 85.59 86.94 106.49 73.41 49.03 52.71 30.96 21.90 48.47 28.05
42.76 55.92 37.03 48.08 32.44 55.61 47.29 63.80 47.59 44.90 103.89 12.36 15.11 38.50 33.75 33.80 34.02 34.44 71.01 19.33 30.52 26.01 74.42 74.35 39.19 0.75 0.00 63.83 80.58 88.48 87.84 98.61 114.68 92.33 33.72 83.54 75.26 90.51 105.56 97.32 105.54 43.12 44.09 29.71 28.97 41.98 96.59 107.76 94.90 99.56 33.71 27.49 28.92 60.49 21.90 67.94 70.66 21.25 73.11 77.50 89.72 103.38 92.56 100.48 75.94 85.82 40.67 77.46 80.05 90.52 108.18 103.25 99.91 48.63 32.17 39.32 88.77 82.57 103.59 67.71 65.64 71.90 61.67 54.37 80.81 100.09 106.28 98.59 102.43 82.18 86.29 87.62 105.79 72.80 48.78 52.37 30.38 21.19 48.15 28.11
44.05 50.78 50.08 53.57 38.13 50.45 53.79 115.94 86.26 75.94 50.66 53.41 70.28 76.00 73.49 75.23 77.41 79.70 25.48 67.43 62.34 75.58 32.14 32.78 67.07 64.58 63.83 0.00 144.41 148.06 146.18 36.84 65.34 34.93 81.06 40.69 11.63 154.26 168.68 160.45 165.91 64.94 74.85 64.72 61.51 69.99 158.63 170.21 158.34 163.22 62.33 64.77 80.55 31.47 74.71 129.72 132.29 74.49 14.29 13.83 152.68 165.59 156.25 162.15 138.35 146.73 78.54 34.12 26.66 154.26 169.18 162.83 163.47 81.06 62.53 91.43 41.48 38.98 50.50 127.85 125.55 132.45 121.07 117.90 139.62 159.23 168.10 160.19 164.14 143.17 146.88 147.60 49.39 39.31 63.65 59.30 43.31 43.91 59.65 73.25
115.59 124.55 107.75 115.30 110.29 124.39 114.43 62.78 86.19 94.74 181.28 91.60 76.81 87.46 85.74 83.86 81.52 79.11 149.19 82.27 93.81 76.97 151.07 151.09 97.37 79.83 80.58 144.41 0.00 41.55 46.66 178.72 189.92 171.33 76.64 159.33 155.82 11.84 30.11 23.24 46.32 102.82 94.38 91.16 93.40 96.88 30.70 36.04 19.46 20.52 96.23 89.53 72.84 136.47 75.16 28.42 29.56 75.36 153.25 158.07 21.10 35.26 14.47 36.48 23.45 32.81 87.44 154.23 158.95 12.11 45.11 48.44 21.66 93.57 94.88 67.37 165.05 158.41 180.67 36.53 38.02 33.88 41.18 27.69 41.82 48.55 39.57 35.73 37.49 32.90 35.95 39.45 184.17 147.40 109.37 116.02 106.67 101.12 111.56 81.33
110.12 114.71 102.18 106.03 120.92 114.69 105.27 37.77 70.11 81.12 174.85 95.79 91.87 110.38 107.20 105.70 103.85 101.97 145.64 80.64 111.92 96.73 162.87 145.51 87.23 87.79 88.48 148.06 41.55 0.00 5.94 177.82 180.41 179.75 99.54 152.09 159.66 36.70 65.85 61.67 18.07 91.93 117.80 109.70 110.96 118.82 71.26 73.44 31.41 54.38 114.95 107.59 94.15 148.95 93.32 66.05 20.06 73.58 153.48 160.64 23.47 23.65 35.64 18.30 20.17 74.27 75.04 148.46 156.00 36.22 22.15 14.84 56.46 77.84 113.36 93.26 177.22 171.05 191.85 74.11 74.86 72.84 76.51 54.52 82.33 11.67 23.69 16.52 20.03 9.36 5.60 2.10 179.12 139.82 97.39 104.44 105.43 104.79 100.70 101.37
107.31 111.29 99.45 102.77 120.23 111.28 102.02 33.66 66.41 77.57 171.52 94.51 92.20 111.61 108.24 106.82 105.06 103.28 142.81 78.81 112.41 97.66 162.05 142.43 84.07 87.18 87.84 146.18 46.66 5.94 0.00 175.18 176.69 178.37 100.90 148.77 157.74 42.42 71.64 67.30 21.60 88.60 119.03 110.28 111.38 119.82 76.70 79.18 37.32 60.17 115.50 108.12 95.34 148.30 94.07 70.13 22.45 71.89 151.11 158.55 29.29 29.12 41.45 23.68 24.29 79.20 71.78 145.34 153.20 41.94 26.25 17.24 62.24 74.06 113.90 95.15 176.38 170.31 190.81 78.07 78.68 77.07 80.07 57.51 86.86 13.27 28.72 22.02 25.28 13.80 11.07 7.79 175.95 136.51 93.85 100.88 103.25 103.30 97.28 102.28
67.95 67.15 75.74 74.03 74.96 67.01 74.62 142.90 110.73 99.48 23.81 87.15 106.55 112.68 110.29 112.04 114.24 116.54 32.79 98.31 99.13 112.33 55.91 35.34 91.72 99.34 98.61 36.84 178.72 177.82 175.18 0.00 38.56 40.00 117.89 34.15 28.22 187.97 204.14 195.89 195.88 87.91 111.16 101.53 98.33 106.30 194.63 206.06 191.39 198.09 99.01 101.60 117.28 63.05 111.29 165.74 163.82 105.56 25.51 23.71 185.13 197.11 189.80 193.23 170.41 183.03 104.06 33.29 22.53 187.92 199.59 192.28 198.48 104.04 99.27 128.23 55.93 58.05 54.02 164.24 161.98 168.78 157.55 152.98 176.24 188.44 199.22 191.23 195.23 174.00 177.36 177.63 18.32 43.47 84.15 77.82 73.06 77.66 80.17 110.08
74.43 66.16 82.19 75.26 99.82 66.25 76.10 143.06 110.32 99.33 15.44 102.33 126.16 138.17 134.87 136.34 138.19 140.13 44.98 107.79 124.20 134.22 91.99 40.43 94.02 115.33 114.68 65.34 189.92 180.41 176.69 38.56 0.00 78.45 140.95 31.16 61.61 197.54 217.88 209.73 198.21 88.92 138.31 126.17 123.05 133.56 210.44 221.08 199.46 210.22 124.93 125.64 138.88 96.11 132.06 182.26 169.92 114.57 51.06 56.46 192.19 202.06 198.96 197.51 177.23 200.33 105.72 37.37 38.99 197.40 202.55 193.88 211.00 102.63 124.76 150.24 93.98 95.41 92.50 182.39 180.32 186.54 176.30 166.92 195.44 189.79 203.42 195.52 199.47 178.52 181.16 180.67 20.30 42.59 83.10 76.05 84.77 94.00 80.00 133.08
78.97 85.13 84.80 88.45 61.05 84.83 88.69 149.42 120.75 110.67 63.33 83.96 94.63 91.98 91.12 93.10 95.57 98.13 54.44 99.83 80.53 96.67 23.31 60.95 101.72 93.07 92.33 34.93 171.33 179.75 178.37 40.00 78.45 0.00 100.10 65.44 25.81 181.97 192.84 184.79 197.28 99.80 88.15 83.27 80.36 83.60 181.31 193.24 186.89 188.82 79.16 84.21 101.51 36.72 97.26 152.87 162.80 106.55 39.49 28.85 182.00 195.70 184.16 192.70 168.26 168.44 112.89 60.82 49.15 182.02 200.20 194.59 188.77 115.81 80.03 110.95 16.68 20.86 16.37 149.50 147.12 154.28 142.44 143.88 159.67 191.17 198.54 190.78 194.66 174.11 178.07 179.11 58.31 69.14 98.57 94.08 77.18 75.08 94.56 93.14
74.22 88.11 69.68 80.97 42.93 87.76 80.24 86.18 78.83 77.95 128.32 43.67 18.62 11.03 9.33 7.36 4.91 2.50 95.99 52.26 19.61 7.75 77.85 100.87 72.82 33.53 33.72 81.06 76.64 99.54 100.90 117.89 140.95 100.10 0.00 110.50 90.85 88.31 93.78 86.00 113.87 76.84 18.35 16.92 19.99 20.26 81.51 93.50 94.91 91.29 21.02 16.39 6.09 63.51 11.92 53.76 79.57 51.75 93.60 94.55 92.48 107.67 90.83 106.38 82.03 68.42 72.88 103.79 103.32 88.50 115.09 113.14 90.88 81.19 20.08 10.85 91.01 84.26 106.86 49.57 47.17 54.37 42.48 49.51 59.67 110.93 111.42 104.80 108.09 91.21 95.72 98.09 128.79 101.26 82.44 85.70 61.11 49.00 81.63 7.91
43.75 37.52 51.68 46.06 70.56 37.51 46.84 115.44 82.56 71.27 22.76 71.18 95.22 108.40 104.87 106.24 107.98 109.81 15.91 77.07 94.49 103.59 71.75 9.67 64.91 84.18 83.54 40.69 159.33 152.09 148.77 34.15 31.16 65.44 110.50 0.00 41.87 167.28 186.98 178.81 170.08 60.18 109.16 96.30 93.24 104.52 179.35 190.05 169.55 179.53 95.50 95.59 108.16 72.05 101.25 151.11 140.41 83.99 27.95 37.39 162.51 173.04 168.80 168.69 147.55 169.17 77.05 7.03 16.34 167.16 174.21 166.01 180.24 75.19 95.19 119.53 77.91 77.29 81.57 151.24 149.18 155.38 145.18 135.91 164.31 162.00 174.65 166.69 170.67 149.53 152.42 152.20 27.61 12.28 55.07 48.13 53.64 62.95 51.50 102.69
54.41 59.51 60.91 63.37 48.15 59.23 63.68 127.29 97.19 86.65 46.28 65.00 81.09 85.00 82.87 84.69 86.96 89.34 29.08 79.02 71.69 85.78 30.70 35.98 77.90 76.01 75.26 11.63 155.82 159.66 157.74 28.22 61.61 25.81 90.85 41.87 0.00 165.75 179.75 171.54 177.52 75.45 83.14 74.20 71.01 78.29 169.46 181.11 169.90 174.49 71.34 74.47 90.76 35.20 85.21 140.57 143.92 86.10 14.25 5.15 164.29 177.22 167.76 173.78 149.97 157.37 89.59 36.33 25.80 165.75 180.81 174.42 174.70 91.71 71.71 101.42 36.14 35.50 42.08 138.43 136.11 143.07 131.58 129.16 149.93 170.81 179.73 171.82 175.77 154.80 158.51 159.21 43.53 43.83 73.64 68.78 54.71 55.52 69.58 83.16
123.56 131.68 115.61 122.46 120.93 131.55 121.61 64.64 91.25 100.59 189.51 101.08 87.72 99.17 97.36 95.49 93.18 90.78 157.81 90.51 105.19 88.39 162.05 159.33 104.09 89.76 90.51 154.26 11.84 36.70 42.42 187.97 197.54 181.97 88.31 167.28 165.75 0.00 29.32 25.07 37.27 109.45 106.13 102.56 104.73 108.56 35.25 36.76 8.24 17.89 107.68 100.89 84.37 147.48 86.41 39.81 30.80 83.41 162.58 167.82 13.40 24.85 2.66 27.17 23.27 41.10 93.44 162.45 167.75 0.50 35.21 40.30 19.88 98.88 106.30 79.16 176.12 169.51 191.67 47.76 49.40 44.69 52.77 39.04 51.45 41.25 29.18 26.90 27.78 29.62 31.35 34.68 192.68 155.21 115.85 122.67 115.37 110.64 118.32 92.81
143.47 153.24 135.81 144.02 132.52 153.06 143.14 92.48 116.15 124.41 208.48 117.35 98.84 103.60 103.10 101.11 98.62 96.04 175.93 110.14 112.80 96.25 171.28 178.39 126.54 104.84 105.56 168.68 30.11 65.85 71.64 204.14 217.88 192.84 93.78 186.98 179.75 29.32 0.00 8.25 63.28 132.02 109.57 110.06 112.77 113.03 14.71 8.00 34.88 11.47 114.67 108.86 91.51 156.76 95.61 40.08 58.71 103.55 178.65 182.49 42.38 49.54 30.20 53.59 51.68 28.03 117.07 181.54 185.36 29.78 59.85 67.33 9.44 123.45 113.56 83.21 184.71 177.97 200.54 44.81 47.17 40.12 51.79 51.32 39.99 69.05 53.35 53.95 53.50 58.93 60.60 63.87 210.92 175.29 138.65 145.15 133.63 126.67 140.62 100.04
135.33 145.22 127.70 136.00 124.38 145.03 135.13 86.01 108.67 116.71 200.27 109.11 90.67 95.97 95.33 93.34 90.86 88.29 167.70 102.02 104.89 88.27 163.33 170.20 118.65 96.59 97.32 160.45 23.24 61.67 67.30 195.89 209.73 184.79 86.00 178.81 171.54 25.07 8.25 0.00 61.28 124.13 102.08 102.15 104.82 105.43 11.24 12.81 31.95 9.62 106.82 100.91 83.57 148.79 87.54 32.24 52.56 95.48 170.41 174.27 38.47 47.88 26.58 51.29 45.91 22.32 109.36 173.34 177.12 25.56 58.40 64.85 7.67 115.88 105.68 75.52 176.83 170.09 192.65 37.52 39.83 32.95 44.37 43.08 34.40 66.12 51.97 51.35 51.51 54.07 56.23 59.63 202.69 167.14 130.78 137.23 125.42 118.43 132.69 92.12
128.19 132.66 120.25 124.03 137.93 132.64 123.27 55.24 87.90 99.00 192.84 113.36 107.84 124.85 122.01 120.39 118.39 116.34 163.71 98.53 127.55 111.79 179.95 163.56 105.25 104.84 105.54 165.91 46.32 18.07 21.60 195.88 198.21 197.28 113.87 170.08 177.52 37.27 63.28 61.28 0.00 109.90 132.22 125.21 126.69 133.64 72.10 71.26 29.47 52.40 130.49 123.18 108.79 165.87 108.68 74.02 35.20 91.42 171.50 178.58 25.22 13.80 35.17 10.10 31.85 78.24 93.03 166.50 174.07 36.78 5.19 5.45 54.60 95.59 128.93 106.64 194.29 188.04 209.10 82.25 83.45 80.03 85.93 66.19 88.06 9.36 10.58 10.58 9.80 23.43 19.25 18.32 197.15 157.81 115.28 122.32 123.42 122.46 118.65 116.44
21.05 22.83 15.31 14.19 58.02 22.79 13.47 55.44 22.83 11.57 82.94 35.01 58.23 80.86 76.16 76.48 76.95 77.51 55.14 25.90 70.36 69.13 90.61 54.00 5.48 43.32 43.12 64.94 102.82 91.93 88.60 87.91 88.92 99.80 76.84 60.18 75.45 109.45 132.02 124.13 109.90 0.00 85.55 70.45 68.71 82.52 126.68 136.24 110.84 123.34 73.10 68.53 71.91 80.70 64.99 100.58 81.07 30.22 65.68 74.79 103.39 113.18 110.70 108.69 88.46 118.69 16.89 56.84 65.49 109.27 114.06 105.84 124.35 16.37 71.85 81.74 103.48 98.99 114.89 102.96 101.34 106.27 98.27 83.06 116.71 101.85 114.64 106.70 110.67 89.64 92.38 92.06 87.38 47.92 6.72 13.23 25.44 35.67 8.94 70.96
78.46 92.64 75.61 86.84 38.61 92.26 86.23 102.71 91.55 88.81 124.60 50.59 30.83 7.42 11.29 12.35 13.97 15.88 93.72 63.42 15.73 21.92 65.06 99.53 82.36 44.19 44.09 74.85 94.38 117.80 119.03 111.16 138.31 88.15 18.35 109.16 83.14 106.13 109.57 102.08 132.22 85.55 0.00 15.13 17.31 4.86 96.52 108.51 112.92 108.04 13.87 17.02 23.69 51.63 26.18 70.04 97.86 64.65 88.53 87.45 110.72 125.94 108.69 124.71 100.38 82.98 84.77 102.19 99.56 106.34 133.43 131.47 107.46 92.69 14.56 27.07 77.12 70.43 92.86 64.79 62.42 69.54 57.78 67.59 72.95 129.22 129.72 123.14 126.41 109.53 114.04 116.38 124.07 101.46 90.32 92.32 65.52 52.78 88.74 17.67
63.62 77.80 60.54 71.80 26.77 77.43 71.17 90.96 77.30 74.01 113.02 35.47 18.47 12.15 8.81 10.51 12.77 15.19 81.25 48.88 2.75 14.19 61.25 86.63 67.35 29.91 29.71 64.72 91.16 109.70 110.28 101.53 126.17 83.27 16.92 96.30 74.20 102.56 110.06 102.15 125.21 70.45 15.13 0.00 3.21 12.30 98.13 110.09 108.66 106.95 5.27 2.31 18.61 46.79 16.56 69.98 90.18 50.76 77.67 78.04 105.40 120.30 105.00 118.48 93.69 85.18 70.26 89.42 87.93 102.71 126.94 123.91 106.68 78.03 3.76 27.75 74.68 67.95 90.50 66.26 63.87 71.04 59.18 63.53 76.59 121.31 123.82 116.77 120.28 102.00 106.44 108.46 113.10 87.90 75.19 77.23 50.60 37.87 73.62 10.03
61.16 75.34 58.34 69.55 23.57 74.96 68.94 91.21 76.41 72.69 109.86 33.70 19.21 15.16 12.01 13.72 15.95 18.34 78.14 47.88 1.65 16.60 58.52 83.57 65.79 29.25 28.97 61.51 93.40 110.96 111.38 98.33 123.05 80.36 19.99 93.24 71.01 104.73 112.77 104.82 126.69 68.71 17.31 3.21 0.00 13.82 100.97 112.92 110.70 109.48 4.74 3.92 21.25 44.00 18.38 72.70 91.58 50.19 74.47 74.84 107.25 122.08 107.14 120.13 95.30 88.09 69.22 86.35 84.76 104.87 128.53 125.27 109.25 76.84 3.23 30.78 72.08 65.37 87.87 69.15 66.76 73.92 62.08 65.73 79.62 122.60 125.54 118.40 121.96 103.41 107.82 109.76 109.90 84.96 73.27 75.08 48.21 35.47 71.57 12.78
74.60 88.77 72.06 83.22 33.96 88.38 82.63 102.22 89.56 86.29 119.79 47.51 29.74 9.50 11.64 13.28 15.44 17.78 89.03 61.18 12.18 22.16 60.59 94.90 79.55 42.15 41.98 69.99 96.88 118.82 119.82 106.30 133.56 83.60 20.26 104.52 78.29 108.56 113.03 105.43 133.64 82.52 4.86 12.30 13.82 0.00 100.20 112.20 115.17 111.12 9.74 14.48 24.86 46.99 26.01 73.27 99.00 62.91 83.69 82.59 112.65 127.79 111.09 126.37 101.86 86.75 82.56 97.54 94.77 108.76 135.02 132.70 110.62 90.33 10.76 29.99 72.89 66.17 88.68 68.34 65.95 73.12 61.28 69.76 76.97 130.33 131.50 124.76 128.11 110.74 115.23 117.46 119.23 96.97 87.09 88.82 61.77 49.05 85.36 17.58
136.33 147.00 128.94 137.87 121.70 146.78 136.99 92.63 112.82 120.09 200.33 108.72 88.37 90.87 90.75 88.75 86.25 83.66 167.53 103.37 100.87 84.68 159.34 170.47 121.21 95.89 96.59 158.63 30.70 71.26 76.70 194.63 210.44 181.31 81.51 179.35 169.46 35.25 14.71 11.24 72.10 126.68 96.52 98.13 100.97 100.20 0.00 12.01 42.64 20.85 102.52 97.10 79.81 144.92 84.51 28.91 60.13 97.22 169.25 172.45 48.54 58.86 37.05 62.04 54.13 13.75 112.73 173.61 176.64 35.75 69.40 75.46 18.83 119.72 101.51 70.75 172.50 165.75 188.35 31.95 34.35 27.15 39.05 43.83 25.43 76.50 63.00 61.98 62.37 63.15 65.72 69.18 202.37 167.95 133.39 139.59 125.72 117.77 135.00 88.19
146.78 157.04 139.27 147.85 133.47 156.84 146.98 98.80 121.25 129.09 211.26 119.77 100.02 102.88 102.75 100.75 98.25 95.66 178.54 113.61 112.84 96.58 171.32 181.30 130.76 107.04 107.76 170.21 36.04 73.44 79.18 206.06 221.08 193.24 93.50 190.05 181.11 36.76 8.00 12.81 71.26 136.24 108.51 110.09 112.92 112.20 12.01 0.00 42.71 19.17 114.51 109.04 91.73 156.88 96.31 40.57 65.28 107.23 180.63 184.04 50.00 57.53 37.85 61.54 58.50 25.60 121.73 184.44 187.78 37.24 67.85 75.28 17.03 128.39 113.49 82.75 184.50 177.75 200.35 43.96 46.36 39.16 51.06 54.16 36.81 76.94 61.35 61.87 61.48 66.25 68.12 71.44 213.46 178.52 142.92 149.28 136.50 128.94 144.72 100.14
125.98 133.37 117.97 124.21 125.97 133.26 123.37 63.04 91.58 101.43 191.97 104.97 93.18 105.86 103.82 102.00 99.73 97.40 160.70 93.35 111.24 94.56 167.43 161.87 105.57 94.15 94.90 158.34 19.46 31.41 37.32 191.39 199.46 186.89 94.91 169.55 169.90 8.24 34.88 31.95 29.47 110.84 112.92 108.66 110.70 115.17 42.64 42.71 0.00 23.54 113.83 106.90 90.71 152.92 92.32 47.79 30.19 86.15 166.13 171.77 8.52 16.67 5.81 19.40 22.56 49.23 94.44 164.96 170.77 7.80 27.11 32.90 25.71 99.32 112.41 86.09 181.59 175.04 197.03 55.82 57.39 52.85 60.63 45.41 59.68 34.28 20.98 19.40 19.81 25.88 26.53 29.55 195.39 157.38 117.07 124.00 118.47 114.51 119.76 99.05
135.83 145.00 128.04 135.75 128.00 144.84 134.88 81.72 106.55 115.24 201.34 110.97 94.25 101.62 100.61 98.65 96.20 93.66 169.06 102.47 109.68 92.87 167.83 171.17 117.89 98.82 99.56 163.22 20.52 54.38 60.17 198.09 210.22 188.82 91.29 179.53 174.49 17.89 11.47 9.62 52.40 123.34 108.04 106.95 109.48 111.12 20.85 19.17 23.54 0.00 111.80 105.56 88.35 153.24 91.71 38.07 47.82 95.65 172.58 176.97 30.91 38.80 18.74 42.55 40.60 31.25 107.94 174.31 178.71 18.34 49.26 56.24 2.20 113.99 110.58 81.13 181.55 174.84 197.32 44.46 46.62 40.20 50.93 45.33 43.18 57.81 42.79 42.79 42.60 47.51 49.14 52.40 204.07 167.66 129.90 136.53 126.58 120.43 132.06 96.94
64.86 79.02 62.37 73.51 25.10 78.64 72.92 95.80 81.13 77.30 111.45 38.13 23.52 13.68 11.96 13.93 16.41 18.97 80.17 52.58 3.26 19.29 56.83 85.85 70.30 33.98 33.71 62.33 96.23 114.95 115.50 99.01 124.93 79.16 21.02 95.50 71.34 107.68 114.67 106.82 130.49 73.10 13.87 5.27 4.74 9.74 102.52 114.51 113.83 111.80 0.00 7.38 23.49 42.52 21.83 74.60 95.45 54.92 75.67 75.38 110.63 125.56 110.13 123.74 98.96 89.43 73.90 88.55 86.36 107.84 132.21 129.17 111.49 81.49 1.63 31.85 70.04 63.30 85.89 70.59 68.20 75.39 63.50 68.64 80.51 126.57 129.08 122.04 125.55 107.27 111.71 113.72 111.20 87.63 77.53 79.14 52.04 39.32 75.72 14.92
62.17 76.33 58.88 70.17 26.67 75.96 69.53 88.66 75.08 71.91 112.65 33.60 16.20 13.24 9.28 10.71 12.70 14.93 80.68 46.71 4.38 12.69 62.42 85.93 65.35 27.68 27.49 64.77 89.53 107.59 108.12 101.60 125.64 84.21 16.39 95.59 74.47 100.89 108.86 100.91 123.18 68.53 17.02 2.31 3.92 14.48 97.10 109.04 106.90 105.56 7.38 0.00 17.35 47.90 14.64 68.80 88.12 48.49 77.51 78.20 103.53 118.40 103.30 116.51 91.71 84.27 68.09 88.76 87.57 101.03 124.95 121.83 105.33 75.89 5.78 27.09 76.00 69.28 91.79 65.30 62.92 70.08 58.25 61.87 75.90 119.21 121.89 114.80 118.33 99.94 104.37 106.36 112.86 86.98 73.36 75.52 49.09 36.41 71.86 8.94
70.49 84.19 65.52 76.74 42.61 83.85 75.99 80.12 73.05 72.53 126.65 39.65 13.99 16.27 13.25 11.60 9.72 8.14 94.04 46.92 21.34 4.98 79.77 98.60 67.72 28.65 28.92 80.55 72.84 94.15 95.34 117.28 138.88 101.51 6.09 108.16 90.76 84.37 91.51 83.57 108.79 71.91 23.69 18.61 21.25 24.86 79.81 91.73 90.71 88.35 23.49 17.35 0.00 65.25 7.21 51.45 74.24 46.04 92.58 94.22 87.91 103.01 86.85 101.53 77.00 67.09 67.28 101.58 101.79 84.54 110.16 107.91 88.08 75.62 22.23 11.36 93.28 86.55 109.09 48.10 45.73 52.85 41.09 45.36 59.17 105.60 106.68 99.90 103.27 85.95 90.45 92.74 127.44 98.50 77.68 81.24 57.50 45.83 77.06 8.59
62.78 73.98 65.65 73.37 28.07 73.59 73.25 122.35 97.95 89.72 81.01 55.05 59.77 55.26 54.45 56.44 58.92 61.49 56.47 72.47 44.05 60.52 14.61 63.67 80.79 61.16 60.49 31.47 136.47 148.95 148.30 63.05 96.11 36.72 63.51 72.05 35.20 147.48 156.76 148.79 165.87 80.70 51.63 46.79 44.00 46.99 144.92 156.88 152.92 153.24 42.52 47.90 65.25 0.00 61.54 116.70 130.80 78.21 45.40 40.22 148.66 162.94 149.79 160.38 135.60 131.92 89.81 65.31 57.99 147.58 168.33 163.70 153.08 94.86 43.44 74.35 28.68 22.22 44.20 113.03 110.64 117.82 105.95 108.82 122.99 160.57 166.07 158.54 162.30 142.45 146.64 148.06 78.68 69.23 81.87 79.72 55.33 48.08 78.42 56.76
63.29 76.98 58.33 69.56 37.21 76.64 68.81 76.53 67.17 66.05 120.02 32.44 6.83 19.17 14.88 14.02 13.29 13.00 87.30 40.34 19.01 4.56 76.15 91.72 60.92 21.67 21.90 74.71 75.16 93.32 94.07 111.29 132.06 97.26 11.92 101.25 85.21 86.41 95.61 87.54 108.68 64.99 26.18 16.56 18.38 26.01 84.51 96.31 92.32 91.71 21.83 14.64 7.21 61.54 0.00 55.77 73.70 40.05 86.36 88.47 88.90 103.77 88.80 101.92 77.14 72.19 61.07 94.72 95.26 86.54 110.38 107.44 91.59 69.34 20.31 18.39 89.98 83.31 105.68 53.23 50.90 57.89 46.38 47.47 64.95 104.90 107.27 100.21 103.72 85.52 89.97 92.04 120.98 91.46 70.67 74.12 50.30 38.72 69.97 8.53
108.55 119.85 101.41 110.87 92.90 119.62 110.00 75.37 89.35 95.21 171.81 80.17 59.48 63.79 63.09 61.10 58.62 56.05 138.94 76.16 72.73 56.22 131.21 142.10 95.18 67.25 67.94 129.72 28.42 66.05 70.13 165.74 182.26 152.87 53.76 151.11 140.57 39.81 40.08 32.24 74.02 100.58 70.04 69.98 72.70 73.27 28.91 40.57 47.79 38.07 74.60 68.80 51.45 116.70 55.77 0.00 48.69 70.52 140.38 143.54 49.00 63.63 42.46 64.47 45.93 18.23 87.97 145.24 147.93 40.17 73.27 75.49 37.42 95.59 73.48 43.31 144.63 137.89 160.46 8.23 9.60 7.31 13.17 18.62 18.44 74.95 67.92 63.53 65.64 56.72 60.68 64.03 173.70 139.92 107.29 113.12 97.49 89.09 108.51 59.96
97.19 103.76 89.15 94.69 102.95 103.68 93.86 33.92 61.39 71.38 162.99 79.15 72.66 90.44 87.36 85.82 83.93 82.00 132.39 65.55 92.47 76.98 144.97 133.07 75.91 69.95 70.66 132.29 29.56 20.06 22.45 163.82 169.92 162.80 79.57 140.41 143.92 30.80 58.71 52.56 35.20 81.07 97.86 90.18 91.58 99.00 60.13 65.28 30.19 47.82 95.45 88.12 74.24 130.80 73.70 48.69 0.00 58.30 138.90 145.32 22.36 33.35 31.27 29.92 7.68 59.94 64.49 136.12 142.61 30.47 37.54 33.74 49.51 69.15 93.88 73.20 159.30 153.00 174.24 56.38 56.80 55.84 57.90 35.07 66.20 31.36 35.83 27.99 31.90 11.83 16.26 18.53 166.72 128.17 87.18 94.16 90.78 88.48 90.01 81.63
40.24 49.81 32.39 40.65 50.55 49.61 39.78 44.16 27.12 27.27 106.11 23.20 34.08 58.49 53.80 53.49 53.21 53.04 74.55 7.25 51.72 44.58 91.24 75.92 24.95 20.94 21.25 74.49 75.36 73.58 71.89 105.56 114.57 106.55 51.75 83.99 86.10 83.41 103.55 95.48 91.42 30.22 64.65 50.76 50.19 62.91 97.22 107.23 86.15 95.65 54.92 48.49 46.04 78.21 40.05 70.52 58.30 0.00 80.60 87.22 79.63 91.64 85.02 87.94 64.86 88.69 21.34 79.04 84.63 83.31 94.75 88.37 96.45 29.76 53.37 54.32 105.44 99.67 119.38 72.74 71.12 76.09 68.10 53.40 86.49 84.82 93.92 85.96 89.94 68.82 72.44 73.11 109.31 72.04 36.88 42.61 32.50 31.48 38.00 47.69
44.84 47.50 52.17 52.60 50.90 47.25 53.04 119.50 88.15 77.17 36.43 61.66 81.38 89.25 86.47 88.13 90.22 92.40 14.96 73.36 75.42 87.67 43.84 21.73 68.83 73.84 73.11 14.29 153.25 153.48 151.11 25.51 51.06 39.49 93.60 27.95 14.25 162.58 178.65 170.41 171.50 65.68 88.53 77.67 74.47 83.69 169.25 180.63 166.13 172.58 75.67 77.51 92.58 45.40 86.36 140.38 138.90 80.60 0.00 10.68 160.00 172.24 164.44 168.48 145.36 157.78 80.97 22.13 12.62 162.54 175.07 168.08 172.98 82.04 75.74 103.69 50.36 49.39 55.86 139.06 136.82 143.56 132.45 127.48 151.25 164.32 174.47 166.50 170.48 149.31 152.78 153.20 35.55 29.69 62.96 57.44 48.17 52.16 58.88 85.71
53.76 57.67 60.66 62.20 51.67 57.41 62.58 127.60 96.91 86.16 41.13 66.80 84.10 89.06 86.77 88.55 90.79 93.12 25.60 80.06 75.59 89.24 35.77 32.15 77.57 78.25 77.50 13.83 158.07 160.64 158.55 23.71 56.46 28.85 94.55 37.39 5.15 167.82 182.49 174.27 178.58 74.79 87.45 78.04 74.84 82.59 172.45 184.04 171.77 176.97 75.38 78.20 94.22 40.22 88.47 143.54 145.32 87.22 10.68 0.00 165.97 178.66 169.78 175.11 151.53 160.54 89.48 32.21 21.14 167.80 181.97 175.35 177.24 91.14 75.68 105.02 40.53 40.30 45.22 141.64 139.34 146.25 134.85 131.67 153.34 171.68 181.07 173.13 177.10 156.03 159.66 160.26 38.45 40.29 72.54 67.33 55.30 57.25 68.47 86.79
119.11 126.04 111.07 116.93 121.33 125.94 116.10 54.63 83.68 93.73 185.03 99.29 89.18 103.50 101.14 99.39 97.21 94.98 154.08 86.87 107.91 91.46 163.09 155.01 98.19 88.98 89.72 152.68 21.10 23.47 29.29 185.13 192.19 182.00 92.48 162.51 164.29 13.40 42.38 38.47 25.22 103.39 110.72 105.40 107.25 112.65 48.54 50.00 8.52 30.91 110.63 103.53 87.91 148.66 88.90 49.00 22.36 79.63 160.00 165.97 0.00 15.31 12.18 15.48 14.96 53.35 86.84 158.09 164.23 12.91 24.29 27.51 33.00 91.46 109.16 84.28 177.33 170.85 192.62 57.22 58.51 54.86 61.23 43.28 62.88 28.07 19.34 14.64 16.68 17.38 18.31 21.51 188.61 150.30 109.52 116.50 112.09 108.78 112.32 96.04
130.17 136.00 122.14 127.08 135.37 135.94 126.27 60.74 92.18 102.84 195.72 112.35 103.76 118.69 116.25 114.52 112.37 110.16 165.51 98.88 122.78 106.46 177.28 165.97 108.21 102.66 103.38 165.59 35.26 23.65 29.12 197.11 202.06 195.70 107.67 173.04 177.22 24.85 49.54 47.88 13.80 113.18 125.94 120.30 122.08 127.79 58.86 57.53 16.67 38.80 125.56 118.40 103.01 162.94 103.77 63.63 33.35 91.64 172.24 178.66 15.31 0.00 22.47 5.48 27.44 65.89 96.35 168.99 175.78 24.39 10.54 18.36 41.00 99.99 124.06 99.57 191.57 185.15 206.73 71.78 73.21 69.09 76.15 58.57 76.28 21.03 4.34 7.13 4.34 23.54 21.22 22.60 199.64 160.77 118.99 126.03 124.10 121.73 122.08 111.06
125.11 133.02 117.13 123.82 123.14 132.90 122.96 64.93 92.17 101.67 191.08 103.00 90.02 101.71 99.86 98.00 95.69 93.31 159.49 92.15 107.62 90.84 164.35 160.92 105.36 91.81 92.56 156.25 14.47 35.64 41.45 189.80 198.96 184.16 90.83 168.80 167.76 2.66 30.20 26.58 35.17 110.70 108.69 105.00 107.14 111.09 37.05 37.85 5.81 18.74 110.13 103.30 86.85 149.79 88.80 42.46 31.27 85.02 164.44 169.78 12.18 22.47 0.00 25.07 23.63 43.42 94.56 164.03 169.47 2.36 32.91 38.40 20.83 99.84 108.74 81.73 178.43 171.84 193.96 50.40 52.05 47.30 55.43 41.49 53.92 39.55 26.79 24.93 25.56 29.07 30.44 33.68 194.32 156.69 117.05 123.91 117.10 112.56 119.58 95.27
126.03 131.53 118.02 122.66 132.66 131.48 121.87 55.69 87.44 98.21 191.40 109.07 101.57 117.40 114.78 113.10 111.01 108.87 161.45 95.15 120.90 104.79 174.64 161.75 103.79 99.76 100.48 162.15 36.48 18.30 23.68 193.23 197.51 192.70 106.38 168.69 173.78 27.17 53.59 51.29 10.10 108.69 124.71 118.48 120.13 126.37 62.04 61.54 19.40 42.55 123.74 116.51 101.53 160.38 101.92 64.47 29.92 87.94 168.48 175.11 15.48 5.48 25.07 0.00 24.87 68.18 91.83 164.75 171.75 26.68 8.92 13.75 44.74 95.23 122.22 98.66 188.96 182.60 204.00 72.69 73.97 70.31 76.64 57.83 78.10 15.92 6.00 2.00 2.00 19.24 16.37 17.38 195.42 156.41 114.41 121.46 120.32 118.38 117.57 109.42
104.18 111.08 96.14 101.97 107.96 110.99 101.14 41.37 69.02 78.91 170.08 85.02 76.70 93.02 90.23 88.60 86.57 84.51 139.22 72.11 96.09 80.11 149.90 140.08 83.24 75.21 75.94 138.35 23.45 20.17 24.29 170.41 177.23 168.26 82.03 147.55 149.97 23.27 51.68 45.91 31.85 88.46 100.38 93.69 95.30 101.86 54.13 58.50 22.56 40.60 98.96 91.71 77.00 135.60 77.14 45.93 7.68 64.86 145.36 151.53 14.96 27.44 23.63 24.87 0.00 55.25 71.96 143.15 149.40 22.93 33.25 31.55 42.37 76.77 97.43 74.86 164.21 157.82 179.32 53.96 54.69 52.80 56.39 34.90 62.58 30.04 30.47 23.11 26.74 10.81 14.99 18.20 173.70 135.34 94.62 101.58 97.35 94.45 97.39 84.75
126.75 138.08 119.63 129.09 109.38 137.84 128.22 90.10 106.74 113.04 189.70 98.11 76.50 77.50 77.58 75.58 73.08 70.49 156.80 94.38 87.92 72.02 146.26 160.11 113.27 85.14 85.82 146.73 32.81 74.27 79.20 183.03 200.33 168.44 68.42 169.17 157.37 41.10 28.03 22.32 78.24 118.69 82.98 85.18 88.09 86.75 13.75 25.60 49.23 31.25 89.43 84.27 67.09 131.92 72.19 18.23 59.94 88.69 157.78 160.54 53.35 65.89 43.42 68.18 55.25 0.00 105.75 163.23 165.65 41.57 76.30 80.86 29.67 113.21 88.48 57.59 159.28 152.53 175.12 19.00 21.36 14.30 26.01 35.98 12.09 81.24 70.20 67.74 68.86 65.40 68.68 72.17 191.45 158.06 125.40 131.29 115.58 106.90 126.68 75.33
36.23 39.71 28.85 31.00 64.18 39.67 30.25 38.87 8.14 7.36 99.81 37.28 54.81 79.01 74.27 74.14 74.06 74.06 71.40 21.38 70.82 65.55 101.23 70.68 12.37 40.58 40.67 78.54 87.44 75.04 71.78 104.06 105.72 112.89 72.88 77.05 89.59 93.44 117.07 109.36 93.03 16.89 84.77 70.26 69.22 82.56 112.73 121.73 94.44 107.94 73.90 68.09 67.28 89.81 61.07 87.97 64.49 21.34 80.97 89.48 86.84 96.35 94.56 91.83 71.96 105.75 0.00 73.57 81.79 93.23 97.17 89.01 109.08 8.44 72.44 75.65 114.79 109.73 127.29 91.30 89.92 94.17 87.36 69.79 105.02 85.04 97.76 89.83 93.80 72.81 75.50 75.17 104.17 64.78 22.70 29.72 35.83 41.94 25.74 68.37
38.99 34.77 47.02 42.66 63.58 34.69 43.37 112.28 79.53 68.20 27.07 65.13 88.78 101.52 98.03 99.42 101.19 103.06 8.94 72.00 87.59 96.96 65.60 3.15 61.27 78.12 77.46 34.12 154.23 148.46 145.34 33.29 37.37 60.82 103.79 7.03 36.33 162.45 181.54 173.34 166.50 56.84 102.19 89.42 86.35 97.54 173.61 184.44 164.96 174.31 88.55 88.76 101.58 65.31 94.72 145.24 136.12 79.04 22.13 32.21 158.09 168.99 164.03 164.75 143.15 163.23 73.57 0.00 12.19 162.34 170.52 162.56 174.98 72.40 88.27 112.94 72.47 71.47 77.11 145.16 143.07 149.36 139.01 130.35 158.13 158.60 170.74 162.75 166.74 145.54 148.57 148.48 30.67 10.18 52.25 45.54 47.95 56.66 48.47 95.96
45.90 44.65 53.83 51.54 61.30 44.50 52.15 120.66 88.32 77.04 25.10 68.03 89.82 99.77 96.71 98.27 100.24 102.30 10.39 77.42 85.83 96.97 56.18 13.41 69.43 80.75 80.05 26.66 158.95 156.00 153.20 22.53 38.99 49.15 103.32 16.34 25.80 167.75 185.36 177.12 174.07 65.49 99.56 87.93 84.76 94.77 176.64 187.78 170.77 178.71 86.36 87.57 101.79 57.99 95.26 147.93 142.61 84.63 12.62 21.14 164.23 175.78 169.47 171.75 149.40 165.65 81.79 12.19 0.00 167.67 177.90 170.35 179.23 81.55 86.29 113.06 61.67 61.30 65.33 147.17 145.00 151.55 140.75 134.04 159.75 166.47 177.75 169.75 173.75 152.51 155.75 155.89 25.81 21.93 61.62 55.30 52.37 58.86 57.66 95.41
123.44 131.52 115.48 122.30 121.00 131.39 121.45 64.30 91.01 100.38 189.40 101.05 87.81 99.38 97.54 95.68 93.37 90.98 157.73 90.41 105.34 88.55 162.14 159.22 103.91 89.77 90.52 154.26 12.11 36.22 41.94 187.92 197.40 182.02 88.50 167.16 165.75 0.50 29.78 25.56 36.78 109.27 106.34 102.71 104.87 108.76 35.75 37.24 7.80 18.34 107.84 101.03 84.54 147.58 86.54 40.17 30.47 83.31 162.54 167.80 12.91 24.39 2.36 26.68 22.93 41.57 93.23 162.34 167.67 0.00 34.74 39.80 20.34 98.65 106.45 79.38 176.22 169.61 191.76 48.13 49.76 45.09 53.11 39.20 51.90 40.75 28.73 26.40 27.30 29.18 30.88 34.21 192.58 155.08 115.66 122.49 115.30 110.61 118.14 92.97
132.05 136.85 124.08 128.15 140.49 136.82 127.38 59.76 92.24 103.26 196.96 116.37 109.84 126.10 123.41 121.75 119.69 117.57 167.55 101.91 129.33 113.34 182.51 167.56 109.32 107.47 108.18 169.18 45.11 22.15 26.25 199.59 202.55 200.20 115.09 174.21 180.81 35.21 59.85 58.40 5.19 114.06 133.43 126.94 128.53 135.02 69.40 67.85 27.11 49.26 132.21 124.95 110.16 168.33 110.38 73.27 37.54 94.75 175.07 181.97 24.29 10.54 32.91 8.92 33.25 76.30 97.17 170.52 177.90 34.74 0.00 10.63 51.46 99.97 130.68 107.49 196.84 190.53 211.77 81.47 82.79 78.99 85.51 66.71 86.52 14.51 6.50 10.31 7.63 26.09 22.31 22.04 201.18 161.93 119.54 126.59 126.93 125.57 122.84 117.98
124.46 128.53 116.56 120.00 135.69 128.52 119.26 50.82 83.63 94.81 188.76 110.63 106.27 124.07 121.06 119.50 117.57 115.59 159.97 95.40 126.18 110.71 177.66 159.65 101.29 102.57 103.25 162.83 48.44 14.84 17.24 192.28 193.88 194.59 113.14 166.01 174.42 40.30 67.33 64.85 5.45 105.84 131.47 123.91 125.27 132.70 75.46 75.28 32.90 56.24 129.17 121.83 107.91 163.70 107.44 75.49 33.74 88.37 168.08 175.35 27.51 18.36 38.40 13.75 31.55 80.86 89.01 162.56 170.35 39.80 10.63 0.00 58.44 91.26 127.60 106.32 192.01 185.82 206.67 83.71 84.77 81.77 87.00 66.39 90.25 4.16 15.69 13.50 14.08 21.96 17.48 15.64 193.18 153.75 111.08 118.11 120.10 119.61 114.52 115.36
136.58 145.91 128.82 136.66 128.04 145.74 135.79 83.37 107.82 116.39 201.99 111.41 94.28 101.13 100.21 98.24 95.78 93.23 169.64 103.21 109.42 92.65 167.67 171.83 118.89 99.17 99.91 163.47 21.66 56.46 62.24 198.48 211.00 188.77 90.88 180.24 174.70 19.88 9.44 7.67 54.60 124.35 107.46 106.68 109.25 110.62 18.83 17.03 25.71 2.20 111.49 105.33 88.08 153.08 91.59 37.42 49.51 96.45 172.98 177.24 33.00 41.00 20.83 44.74 42.37 29.67 109.08 174.98 179.23 20.34 51.46 58.44 0.00 115.22 110.29 80.63 181.33 174.61 197.11 43.53 45.75 39.18 50.13 45.57 41.68 59.99 44.98 44.98 44.80 49.49 51.19 54.47 204.65 168.42 130.93 137.54 127.19 120.85 133.05 96.66
37.38 37.72 31.01 30.02 70.24 37.77 29.42 40.46 7.82 5.20 97.87 44.16 63.00 87.08 82.34 82.27 82.25 82.32 71.26 29.30 78.46 73.80 105.59 69.68 14.25 48.58 48.63 81.06 93.57 77.84 74.06 104.04 102.63 115.81 81.19 75.19 91.71 98.88 123.45 115.88 95.59 16.37 92.69 78.03 76.84 90.33 119.72 128.39 99.32 113.99 81.49 75.89 75.62 94.86 69.34 95.59 69.15 29.76 82.04 91.14 91.46 99.99 99.84 95.23 76.77 113.21 8.44 72.40 81.55 98.65 99.97 91.26 115.22 0.00 80.06 84.09 118.81 114.05 130.68 99.18 97.87 101.92 95.42 77.24 112.87 87.19 101.08 93.26 97.17 76.56 78.87 78.19 102.67 63.06 20.17 27.05 39.81 47.69 23.97 76.51
63.95 78.13 61.31 72.48 24.99 77.75 71.89 94.17 79.63 75.91 111.39 36.85 21.89 13.51 11.26 13.17 15.60 18.13 79.94 51.10 1.66 17.91 57.83 85.53 68.98 32.43 32.17 62.53 94.88 113.36 113.90 99.27 124.76 80.03 20.08 95.19 71.71 106.30 113.56 105.68 128.93 71.85 14.56 3.76 3.23 10.76 101.51 113.49 112.41 110.58 1.63 5.78 22.23 43.44 20.31 73.48 93.88 53.37 75.74 75.68 109.16 124.06 108.74 122.22 97.43 88.48 72.44 88.27 86.29 106.45 130.68 127.60 110.29 80.06 0.00 30.93 71.15 64.41 86.98 69.60 67.20 74.39 62.51 67.26 79.68 124.98 127.58 120.52 124.03 105.71 110.14 112.14 111.25 87.16 76.35 78.07 51.07 38.33 74.60 13.64
81.51 95.06 76.26 87.38 53.35 94.73 86.61 83.85 80.78 81.40 137.96 50.60 24.91 20.50 20.00 18.00 15.50 12.91 105.38 56.21 30.46 16.09 88.67 109.96 77.29 38.95 39.32 91.43 67.37 93.26 95.15 128.23 150.24 110.95 10.85 119.53 101.42 79.16 83.21 75.52 106.64 81.74 27.07 27.75 30.78 29.99 70.75 82.75 86.09 81.13 31.85 27.09 11.36 74.35 18.39 43.31 73.20 54.32 103.69 105.02 84.28 99.57 81.73 98.66 74.86 57.59 75.65 112.94 113.06 79.38 107.49 106.32 80.63 84.09 30.93 0.00 101.75 95.00 117.60 38.80 36.40 43.60 31.70 41.00 48.84 104.38 103.46 97.18 100.29 84.57 89.08 91.68 138.68 109.83 87.74 91.65 68.60 57.11 87.37 18.26
83.51 91.93 88.18 93.70 56.36 91.59 93.80 149.33 122.87 113.61 78.66 82.27 88.43 81.87 81.75 83.75 86.25 88.84 64.98 99.25 71.94 88.68 14.35 72.02 104.56 89.46 88.77 41.48 165.05 177.22 176.38 55.93 93.98 16.68 91.01 77.91 36.14 176.12 184.71 176.83 194.29 103.48 77.12 74.68 72.08 72.89 172.50 184.50 181.59 181.55 70.04 76.00 93.28 28.68 89.98 144.63 159.30 105.44 50.36 40.53 177.33 191.57 178.43 188.96 164.21 159.28 114.79 72.47 61.67 176.22 196.84 192.01 181.33 118.81 71.15 101.75 0.00 6.75 15.85 140.55 138.15 145.35 133.45 137.37 149.82 188.80 194.67 187.11 190.88 170.90 175.05 176.39 74.09 79.62 103.32 99.75 79.11 74.33 99.48 84.71
79.45 88.59 83.69 89.80 50.13 88.24 89.84 143.68 117.84 108.86 79.99 76.47 81.86 75.13 75.00 77.00 79.50 82.09 63.54 93.62 65.21 81.97 8.51 70.74 99.81 83.26 82.57 38.98 158.41 171.05 170.31 58.05 95.41 20.86 84.26 77.29 35.50 169.51 177.97 170.09 188.04 98.99 70.43 67.95 65.37 66.17 165.75 177.75 175.04 174.84 63.30 69.28 86.55 22.22 83.31 137.89 153.00 99.67 49.39 40.30 170.85 185.15 171.84 182.60 157.82 152.53 109.73 71.47 61.30 169.61 190.53 185.82 174.61 114.05 64.41 95.00 6.75 0.00 22.60 133.80 131.40 138.60 126.70 130.73 143.09 182.66 188.29 180.75 184.51 164.63 168.80 170.19 75.90 77.96 99.17 95.95 74.25 68.80 95.42 77.98
94.29 101.11 99.72 104.03 71.36 100.80 104.23 162.91 135.26 125.50 77.78 96.37 103.95 97.70 97.60 99.60 102.10 104.69 70.81 112.94 87.76 104.47 29.62 77.30 116.49 104.30 103.59 50.50 180.67 191.85 190.81 54.02 92.50 16.37 106.86 81.57 42.08 191.67 200.54 192.65 209.10 114.89 92.86 90.50 87.87 88.68 188.35 200.35 197.03 197.32 85.89 91.79 109.09 44.20 105.68 160.46 174.24 119.38 55.86 45.22 192.62 206.73 193.96 204.00 179.32 175.12 127.29 77.11 65.33 191.76 211.77 206.67 197.11 130.68 86.98 117.60 15.85 22.60 0.00 156.40 154.00 161.20 149.30 153.02 165.63 203.39 209.75 202.13 205.94 185.76 189.85 191.09 72.20 85.51 114.03 109.80 91.45 87.99 110.06 100.53
109.41 121.29 102.58 112.48 90.40 121.04 111.62 81.63 93.32 98.40 171.42 80.06 57.70 58.97 58.80 56.80 54.30 51.71 138.50 77.86 69.00 53.03 127.42 142.05 97.65 67.06 67.71 127.85 36.53 74.11 78.07 164.24 182.39 149.50 49.57 151.24 138.43 47.76 44.81 37.52 82.25 102.96 64.79 66.26 69.15 68.34 31.95 43.96 55.82 44.46 70.59 65.30 48.10 113.03 53.23 8.23 56.38 72.74 139.06 141.64 57.22 71.78 50.40 72.69 53.96 19.00 91.30 145.16 147.17 48.13 81.47 83.71 43.53 99.18 69.60 38.80 140.55 133.80 156.40 0.00 2.40 4.80 7.10 24.07 13.76 83.13 76.08 71.76 73.84 64.76 68.78 72.11 172.99 140.35 109.62 115.16 97.81 88.61 110.56 56.37
107.49 119.47 100.72 110.70 88.07 119.21 109.84 81.23 92.12 96.99 169.29 78.00 55.44 56.58 56.40 54.40 51.90 49.31 136.37 76.12 66.61 50.66 125.02 139.96 96.06 65.00 65.64 125.55 38.02 74.86 78.68 161.98 180.32 147.12 47.17 149.18 136.11 49.40 47.17 39.83 83.45 101.34 62.42 63.87 66.76 65.95 34.35 46.36 57.39 46.62 68.20 62.92 45.73 110.64 50.90 9.60 56.80 71.12 136.82 139.34 58.51 73.21 52.05 73.97 54.69 21.36 89.92 143.07 145.00 49.76 82.79 84.77 45.75 97.87 67.20 36.40 138.15 131.40 154.00 2.40 0.00 7.20 4.70 23.67 15.43 84.09 77.49 72.99 75.17 65.50 69.58 72.87 170.81 138.34 107.99 113.46 95.81 86.49 108.87 53.98
113.31 124.99 106.37 116.11 95.09 124.74 115.25 82.62 95.86 101.34 175.71 84.23 62.23 63.76 63.60 61.60 59.10 56.51 142.80 81.43 73.79 57.77 132.21 146.24 100.92 71.24 71.90 132.45 33.88 72.84 77.07 168.78 186.54 154.28 54.37 155.38 143.07 44.69 40.12 32.95 80.03 106.27 69.54 71.04 73.92 73.12 27.15 39.16 52.85 40.20 75.39 70.08 52.85 117.82 57.89 7.31 55.84 76.09 143.56 146.25 54.86 69.09 47.30 70.31 52.80 14.30 94.17 149.36 151.55 45.09 78.99 81.77 39.18 101.92 74.39 43.60 145.35 138.60 161.20 4.80 7.20 0.00 11.90 25.54 11.27 81.41 73.41 69.47 71.36 63.54 67.41 70.80 177.36 144.40 112.96 118.62 101.87 92.89 114.02 61.15
103.79 115.97 97.14 107.28 83.51 115.70 106.43 80.65 89.91 94.33 165.12 74.03 51.07 51.90 51.70 49.70 47.20 44.61 132.21 72.84 61.92 46.04 120.33 135.91 93.05 61.04 61.67 121.07 41.18 76.51 80.07 157.55 176.30 142.44 42.48 145.18 131.58 52.77 51.79 44.37 85.93 98.27 57.78 59.18 62.08 61.28 39.05 51.06 60.63 50.93 63.50 58.25 41.09 105.95 46.38 13.17 57.90 68.10 132.45 134.85 61.23 76.15 55.43 76.64 56.39 26.01 87.36 139.01 140.75 53.11 85.51 87.00 50.13 95.42 62.51 31.70 133.45 126.70 149.30 7.10 4.70 11.90 0.00 23.58 19.14 86.11 80.39 75.56 77.91 67.16 71.36 74.57 166.56 134.45 104.89 110.21 91.94 82.38 105.63 49.32
92.64 103.17 85.17 94.04 82.90 102.96 93.17 57.58 70.85 77.09 157.24 66.05 49.26 60.47 58.43 56.60 54.33 52.00 124.63 59.56 66.17 49.36 123.42 127.20 77.61 53.64 54.37 117.90 27.69 54.52 57.51 152.98 166.92 143.88 49.51 135.91 129.16 39.04 51.32 43.08 66.19 83.06 67.59 63.53 65.73 69.76 43.83 54.16 45.41 45.33 68.64 61.87 45.36 108.82 47.47 18.62 35.07 53.40 127.48 131.67 43.28 58.57 41.49 57.83 34.90 35.98 69.79 130.35 134.04 39.20 66.71 66.39 45.57 77.24 67.26 41.00 137.37 130.73 153.02 24.07 23.67 25.54 23.58 0.00 36.81 64.93 62.50 56.42 59.40 45.32 49.73 52.71 159.61 124.36 89.78 95.86 82.41 75.41 91.26 53.78
122.85 134.89 116.12 126.13 101.79 134.63 125.27 93.80 106.92 112.14 184.19 93.16 69.96 67.97 68.55 66.57 64.11 61.56 151.29 91.55 79.28 64.16 137.14 155.04 111.41 80.18 80.81 139.62 41.82 82.33 86.86 176.24 195.44 159.67 59.67 164.31 149.93 51.45 39.99 34.40 88.06 116.71 72.95 76.59 79.62 76.97 25.43 36.81 59.68 43.18 80.51 75.90 59.17 122.99 64.95 18.44 66.20 86.49 151.25 153.34 62.88 76.28 53.92 78.10 62.58 12.09 105.02 158.13 159.75 51.90 86.52 90.25 41.68 112.87 79.68 48.84 149.82 143.09 165.63 13.76 15.43 11.27 19.14 36.81 0.00 90.24 80.62 77.48 78.96 73.16 76.81 80.26 185.55 153.58 123.37 128.87 111.07 101.49 124.28 67.01
120.58 124.51 112.71 116.02 132.53 124.51 115.28 46.74 79.58 90.78 184.75 107.23 103.52 121.81 118.69 117.17 115.29 113.36 156.08 91.81 123.54 108.27 174.46 155.70 97.34 99.41 100.09 159.23 48.55 11.67 13.27 188.44 189.79 191.17 110.93 162.00 170.81 41.25 69.05 66.12 9.36 101.85 129.22 121.31 122.60 130.33 76.50 76.94 34.28 57.81 126.57 119.21 105.60 160.57 104.90 74.95 31.36 84.82 164.32 171.68 28.07 21.03 39.55 15.92 30.04 81.24 85.04 158.60 166.47 40.75 14.51 4.16 59.99 87.19 124.98 104.38 188.80 182.66 203.39 83.13 84.09 81.41 86.11 64.93 90.24 0.00 18.94 15.19 16.69 19.82 15.31 12.87 189.20 149.75 107.05 114.07 116.40 116.14 110.50 112.91
132.03 137.47 124.02 128.62 138.40 137.42 127.83 61.36 93.29 104.11 197.37 114.98 107.09 122.45 119.93 118.22 116.10 113.91 167.45 101.14 126.27 110.05 180.36 167.74 109.75 105.56 106.28 168.10 39.57 23.69 28.72 199.22 203.42 198.54 111.42 174.65 179.73 29.18 53.35 51.97 10.58 114.64 129.72 123.82 125.54 131.50 63.00 61.35 20.98 42.79 129.08 121.89 106.68 166.07 107.27 67.92 35.83 93.92 174.47 181.07 19.34 4.34 26.79 6.00 30.47 70.20 97.76 170.74 177.75 28.73 6.50 15.69 44.98 101.08 127.58 103.46 194.67 188.29 209.75 76.08 77.49 73.41 80.39 62.50 80.62 18.94 0.00 8.00 4.00 25.24 22.27 23.01 201.40 162.37 120.32 127.38 126.31 124.30 123.50 114.66
124.03 129.53 116.02 120.67 130.79 129.48 119.87 53.77 85.46 96.23 189.39 107.13 99.80 115.82 113.15 111.48 109.41 107.28 159.45 93.17 119.18 103.12 172.78 159.75 101.79 97.87 98.59 160.19 35.73 16.52 22.02 191.23 195.52 190.78 104.80 166.69 171.82 26.90 53.95 51.35 10.58 106.70 123.14 116.77 118.40 124.76 61.98 61.87 19.40 42.79 122.04 114.80 99.90 158.54 100.21 63.53 27.99 85.96 166.50 173.13 14.64 7.13 24.93 2.00 23.11 67.74 89.83 162.75 169.75 26.40 10.31 13.50 44.98 93.26 120.52 97.18 187.11 180.75 202.13 71.76 72.99 69.47 75.56 56.42 77.48 15.19 8.00 0.00 4.00 17.24 14.39 15.51 193.41 154.40 112.42 119.47 118.33 116.43 115.57 107.76
128.03 133.50 120.02 124.64 134.59 133.45 123.85 57.55 89.37 100.17 193.38 111.05 103.43 119.11 116.52 114.83 112.73 110.58 163.45 97.15 122.71 106.57 176.57 163.74 105.77 101.71 102.43 164.14 37.49 20.03 25.28 195.23 199.47 194.66 108.09 170.67 175.77 27.78 53.50 51.51 9.80 110.67 126.41 120.28 121.96 128.11 62.37 61.48 19.81 42.60 125.55 118.33 103.27 162.30 103.72 65.64 31.90 89.94 170.48 177.10 16.68 4.34 25.56 2.00 26.74 68.86 93.80 166.74 173.75 27.30 7.63 14.08 44.80 97.17 124.03 100.29 190.88 184.51 205.94 73.84 75.17 71.36 77.91 59.40 78.96 16.69 4.00 4.00 0.00 21.24 18.31 19.21 197.41 158.39 116.37 123.42 122.32 120.36 119.54 111.19
106.80 112.46 98.78 103.55 114.54 112.40 102.75 38.05 68.74 79.33 172.23 90.28 84.48 102.13 99.10 97.54 95.62 93.66 142.21 76.02 104.30 88.76 156.56 142.53 84.68 81.47 82.18 143.17 32.90 9.36 13.80 174.00 178.52 174.11 91.21 149.53 154.80 29.62 58.93 54.07 23.43 89.64 109.53 102.00 103.41 110.74 63.15 66.25 25.88 47.51 107.27 99.94 85.95 142.45 85.52 56.72 11.83 68.82 149.31 156.03 17.38 23.54 29.07 19.24 10.81 65.40 72.81 145.54 152.51 29.18 26.09 21.96 49.49 76.56 105.71 84.57 170.90 164.63 185.76 64.76 65.50 63.54 67.16 45.32 73.16 19.82 25.24 17.24 21.24 0.00 4.52 7.42 176.21 137.26 95.45 102.50 101.14 99.50 98.54 93.41
109.95 115.21 101.96 106.38 118.69 115.16 105.59 39.55 71.07 81.85 175.15 94.17 88.85 106.63 103.59 102.04 100.12 98.17 145.42 79.60 108.72 93.23 160.70 145.58 87.51 85.59 86.29 146.88 35.95 5.60 11.07 177.36 181.16 178.07 95.72 152.42 158.51 31.35 60.60 56.23 19.25 92.38 114.04 106.44 107.82 115.23 65.72 68.12 26.53 49.14 111.71 104.37 90.45 146.64 89.97 60.68 16.26 72.44 152.78 159.66 18.31 21.22 30.44 16.37 14.99 68.68 75.50 148.57 155.75 30.88 22.31 17.48 51.19 78.87 110.14 89.08 175.05 168.80 189.85 68.78 69.58 67.41 71.36 49.73 76.81 15.31 22.27 14.39 18.31 4.52 0.00 3.50 179.24 140.14 98.06 105.11 104.63 103.32 101.24 97.88
110.02 114.87 102.06 106.13 120.06 114.84 105.36 38.36 70.42 81.35 174.94 95.15 90.71 108.96 105.83 104.31 102.44 100.53 145.53 80.21 110.70 95.40 162.04 145.52 87.30 86.94 87.62 147.60 39.45 2.10 7.79 177.63 180.67 179.11 98.09 152.20 159.21 34.68 63.87 59.63 18.32 92.06 116.38 108.46 109.76 117.46 69.18 71.44 29.55 52.40 113.72 106.36 92.74 148.06 92.04 64.03 18.53 73.11 153.20 160.26 21.51 22.60 33.68 17.38 18.20 72.17 75.17 148.48 155.89 34.21 22.04 15.64 54.47 78.19 112.14 91.68 176.39 170.19 191.09 72.11 72.87 70.80 74.57 52.71 80.26 12.87 23.01 15.51 19.21 7.42 3.50 0.00 179.14 139.92 97.60 104.66 105.10 104.21 100.87 100.05
69.53 64.95 77.57 73.19 86.34 64.91 73.93 142.78 109.95 98.63 7.04 93.69 115.61 124.76 121.90 123.52 125.56 127.69 35.01 102.17 110.89 122.60 73.10 33.67 91.90 106.49 105.79 49.39 184.17 179.12 175.95 18.32 20.30 58.31 128.79 27.61 43.53 192.68 210.92 202.69 197.15 87.38 124.07 113.10 109.90 119.23 202.37 213.46 195.39 204.07 111.20 112.86 127.44 78.68 120.98 173.70 166.72 109.31 35.55 38.45 188.61 199.64 194.32 195.42 173.70 191.45 104.17 30.67 25.81 192.58 201.18 193.18 204.65 102.67 111.25 138.68 74.09 75.90 72.20 172.99 170.81 177.36 166.56 159.61 185.55 189.20 201.40 193.41 197.41 176.21 179.24 179.14 0.00 39.61 82.51 75.64 77.50 84.61 78.85 120.89
31.84 25.34 39.66 33.79 63.24 25.31 34.56 103.23 70.36 59.06 35.03 60.46 85.20 100.05 96.25 97.49 99.07 100.75 14.75 65.21 86.31 94.09 71.43 8.56 52.63 73.41 72.80 39.31 147.40 139.82 136.51 43.47 42.59 69.14 101.26 12.28 43.83 155.21 175.29 167.14 157.81 47.92 101.46 87.90 84.96 96.97 167.95 178.52 157.38 167.66 87.63 86.98 98.50 69.23 91.46 139.92 128.17 72.04 29.69 40.29 150.30 160.77 156.69 156.41 135.34 158.06 64.78 10.18 21.93 155.08 161.93 153.75 168.42 63.06 87.16 109.83 79.62 77.96 85.51 140.35 138.34 144.40 134.45 124.36 153.58 149.75 162.37 154.40 158.39 137.26 140.14 139.92 39.61 0.00 42.90 36.03 42.54 52.79 39.28 93.57
19.81 17.56 16.53 10.37 60.81 17.60 9.97 60.40 27.50 16.28 77.78 39.76 63.86 85.95 81.29 81.71 82.31 83.00 51.41 32.30 74.91 74.70 90.91 49.55 12.18 49.03 48.78 63.65 109.37 97.39 93.85 84.15 83.10 98.57 82.44 55.07 73.64 115.85 138.65 130.78 115.28 6.72 90.32 75.19 73.27 87.09 133.39 142.92 117.07 129.90 77.53 73.36 77.68 81.87 70.67 107.29 87.18 36.88 62.96 72.54 109.52 118.99 117.05 114.41 94.62 125.40 22.70 52.25 61.62 115.66 119.54 111.08 130.93 20.17 76.35 87.74 103.32 99.17 114.03 109.62 107.99 112.96 104.89 89.78 123.37 107.05 120.32 112.42 116.37 95.45 98.06 97.60 82.51 42.90 0.00 7.06 27.55 39.06 4.08 76.30
16.95 10.77 16.77 6.37 60.60 10.87 6.62 67.40 34.50 23.33 70.82 42.27 67.29 88.41 83.84 84.41 85.20 86.07 45.23 37.37 76.70 77.95 87.85 42.93 18.65 52.71 52.37 59.30 116.02 104.44 100.88 77.82 76.05 94.08 85.70 48.13 68.78 122.67 145.15 137.23 122.32 13.23 92.32 77.23 75.08 88.82 139.59 149.28 124.00 136.53 79.14 75.52 81.24 79.72 74.12 113.12 94.16 42.61 57.44 67.33 116.50 126.03 123.91 121.46 101.58 131.29 29.72 45.54 55.30 122.49 126.59 118.11 137.54 27.05 78.07 91.65 99.75 95.95 109.80 115.16 113.46 118.62 110.21 95.86 128.87 114.07 127.38 119.47 123.42 102.50 105.11 104.66 75.64 36.03 7.06 0.00 27.55 39.95 4.61 79.19
13.15 27.25 11.08 21.60 33.30 26.89 21.09 72.63 43.84 34.62 74.86 18.17 43.69 62.25 57.88 58.71 59.83 61.07 42.51 25.25 49.80 53.53 65.78 44.80 25.59 30.96 30.38 43.31 106.67 105.43 103.25 73.06 84.77 77.18 61.11 53.64 54.71 115.37 133.63 125.42 123.42 25.44 65.52 50.60 48.21 61.77 125.72 136.50 118.47 126.58 52.04 49.09 57.50 55.33 50.30 97.49 90.78 32.50 48.17 55.30 112.09 124.10 117.10 120.32 97.35 115.58 35.83 47.95 52.37 115.30 126.93 120.10 127.19 39.81 51.07 68.60 79.11 74.25 91.45 97.81 95.81 101.87 91.94 82.41 111.07 116.40 126.31 118.33 122.32 101.14 104.63 105.10 77.50 42.54 27.55 27.55 0.00 12.74 24.80 53.93
25.77 39.93 23.19 34.20 22.59 39.56 33.64 75.02 50.05 42.74 82.82 9.56 32.41 49.60 45.28 46.19 47.42 48.79 49.91 24.96 37.06 41.58 60.31 53.58 34.27 21.90 21.19 43.91 101.12 104.79 103.30 77.66 94.00 75.08 49.00 62.95 55.52 110.64 126.67 118.43 122.46 35.67 52.78 37.87 35.47 49.05 117.77 128.94 114.51 120.43 39.32 36.41 45.83 48.08 38.72 89.09 88.48 31.48 52.16 57.25 108.78 121.73 112.56 118.38 94.45 106.90 41.94 56.66 58.86 110.61 125.57 119.61 120.85 47.69 38.33 57.11 74.33 68.80 87.99 88.61 86.49 92.89 82.38 75.41 101.49 116.14 124.30 116.43 120.36 99.50 103.32 104.21 84.61 52.79 39.06 39.95 12.74 0.00 36.80 41.61
15.98 14.01 13.74 6.29 58.08 14.00 5.90 63.95 31.10 19.78 74.25 38.41 63.14 84.64 80.03 80.54 81.25 82.06 47.42 32.80 73.20 73.87 87.20 45.72 14.23 48.47 48.15 59.65 111.56 100.70 97.28 80.17 80.00 94.56 81.63 51.50 69.58 118.32 140.62 132.69 118.65 8.94 88.74 73.62 71.57 85.36 135.00 144.72 119.76 132.06 75.72 71.86 77.06 78.42 69.97 108.51 90.01 38.00 58.88 68.47 112.32 122.08 119.58 117.57 97.39 126.68 25.74 48.47 57.66 118.14 122.84 114.52 133.05 23.97 74.60 87.37 99.48 95.42 110.06 110.56 108.87 114.02 105.63 91.26 124.28 110.50 123.50 115.57 119.54 98.54 101.24 100.87 78.85 39.28 4.08 4.61 24.80 36.80 0.00 75.24
67.08 81.08 62.90 74.24 35.13 80.72 73.54 85.06 74.78 72.95 120.42 36.94 13.61 10.85 6.37 5.80 6.01 7.20 88.12 47.26 12.77 4.65 71.25 93.05 67.24 28.05 28.11 73.25 81.33 101.37 102.28 110.08 133.08 93.14 7.91 102.69 83.16 92.81 100.04 92.12 116.44 70.96 17.67 10.03 12.78 17.58 88.19 100.14 99.05 96.94 14.92 8.94 8.59 56.76 8.53 59.96 81.63 47.69 85.71 86.79 96.04 111.06 95.27 109.42 84.75 75.33 68.37 95.96 95.41 92.97 117.98 115.36 96.66 76.51 13.64 18.26 84.71 77.98 100.53 56.37 53.98 61.15 49.32 53.78 67.01 112.91 114.66 107.76 111.19 93.41 97.88 100.05 120.89 93.57 76.30 79.19 53.93 41.61 75.24 0.00

