100
0.00 43.31 13.98 4.01 5.75 7.40 9.90 26.25 15.35 38.93 51.32 42.28 58.75 61.74 54.27 59.25 74.39 65.98 55.96 59.26 66.88 54.98 84.46 69.70 60.79 63.18 38.42 37.62 62.15 62.15 62.15 17.06 47.93 16.74 45.42 30.94 31.14 20.71 79.42 51.05 30.05 37.63 45.25 95.02 108.57 72.92 64.27 103.33 105.76 100.42 108.43 75.09 63.58 67.69 74.18 80.43 80.31 76.05 91.44 60.40 89.49 70.43 91.16 87.55 51.34 17.41 74.40 93.19 104.91 62.90 70.46 54.71 53.97 53.97 56.15 34.94 18.18 46.45 48.31 50.46 45.15 84.06 93.53 54.38 59.18 49.05 56.25 17.76 110.58 24.41 9.88 13.87 60.42 71.68 41.48 17.98 73.53 65.88 66.33 40.38
43.31 0.00 56.85 45.85 48.10 50.68 53.19 61.44 58.35 71.59 80.84 50.52 51.00 30.48 11.91 17.63 43.07 23.23 29.47 35.88 42.24 27.30 122.99 112.21 95.81 93.03 68.63 6.03 105.39 105.39 105.39 50.41 32.13 48.27 59.75 50.52 12.16 27.10 36.36 67.72 55.69 63.27 71.18 56.28 68.68 110.69 100.68 61.18 63.05 57.12 71.66 48.03 22.03 29.29 46.49 120.88 120.84 119.16 58.97 41.13 55.79 52.75 48.31 45.49 92.33 59.45 31.11 52.90 62.81 47.63 33.05 23.46 15.95 15.95 21.16 59.05 52.30 24.34 28.31 32.07 21.35 47.95 52.09 56.08 51.22 44.52 90.99 26.77 67.28 19.87 50.95 54.60 17.45 28.49 84.01 34.87 114.87 97.94 105.37 81.85
13.98 56.85 0.00 11.00 8.75 6.83 4.81 26.18 1.59 37.93 50.63 51.44 69.88 72.51 68.05 72.17 84.56 79.13 69.56 72.52 75.86 68.68 71.19 58.08 49.22 53.79 31.19 51.31 48.59 48.58 48.59 22.39 60.93 17.03 44.88 31.56 44.75 32.11 92.63 56.33 35.13 41.00 47.24 108.97 122.54 60.01 52.02 116.00 118.68 113.91 122.27 88.33 77.48 79.70 87.50 70.73 66.55 63.44 105.01 68.59 103.18 82.63 104.94 101.45 41.99 4.29 87.83 105.26 117.55 75.04 84.43 68.59 66.39 66.39 67.95 31.95 22.30 60.07 61.69 63.60 58.92 97.93 105.98 57.21 64.46 60.33 51.85 30.45 124.09 37.39 6.82 5.80 73.69 85.01 27.50 26.69 63.15 55.40 53.07 31.11
4.01 45.85 11.00 0.00 2.25 5.50 7.85 27.91 12.51 40.59 53.18 46.08 62.75 62.58 57.07 61.29 74.98 68.19 59.72 63.13 66.95 58.68 80.68 68.21 56.80 59.19 34.52 40.32 59.58 59.56 59.58 19.79 51.87 13.43 42.55 28.16 33.75 21.66 81.68 54.25 33.03 40.33 47.71 98.42 111.89 69.07 60.33 105.23 107.82 102.91 112.01 78.96 66.56 69.17 78.03 79.74 76.76 74.09 95.19 60.14 93.19 74.44 93.96 90.54 50.67 13.94 76.84 94.73 106.79 66.90 73.86 58.28 55.68 55.68 57.50 31.52 20.64 50.20 52.16 54.37 48.82 87.61 95.29 52.38 57.92 53.05 57.15 19.54 113.10 26.45 5.96 9.98 62.72 74.04 38.36 17.48 72.56 61.86 62.57 39.65
5.75 48.10 8.75 2.25 0.00 3.73 5.84 27.21 10.26 39.81 52.48 47.02 64.12 64.58 59.32 63.51 76.91 70.43 61.70 65.01 68.72 60.70 78.71 66.11 55.15 57.96 33.57 42.57 57.33 57.32 57.33 19.86 53.66 13.53 42.81 28.54 36.00 23.76 83.92 54.50 33.17 40.22 47.41 100.57 114.07 67.17 58.56 107.43 110.04 105.16 114.10 80.84 68.79 71.31 79.93 77.85 74.66 71.90 97.18 61.81 95.21 76.05 96.20 92.77 48.82 11.78 79.09 96.87 108.99 68.50 76.01 60.37 57.86 57.86 59.62 31.30 20.52 52.18 54.06 56.21 50.86 89.71 97.47 53.22 59.15 54.44 55.93 21.77 115.35 28.68 4.25 8.15 64.96 76.28 36.13 19.21 70.60 60.44 60.58 37.80
7.40 50.68 6.83 5.50 3.73 0.00 2.51 23.92 8.07 36.42 49.13 45.75 63.61 68.07 61.67 66.45 80.47 73.26 62.73 65.71 72.39 61.84 77.95 62.79 55.39 59.07 35.30 45.01 54.75 54.75 54.75 17.53 54.17 16.73 45.95 31.83 38.52 27.12 86.72 52.17 30.79 37.49 44.44 102.22 115.82 66.68 58.45 110.47 112.98 107.79 115.45 81.53 70.98 74.55 80.69 74.25 73.38 68.84 98.18 65.51 96.34 76.06 98.56 94.94 45.18 10.75 81.75 100.10 112.04 68.48 77.68 61.78 60.98 60.98 62.91 34.00 17.92 53.23 54.87 56.81 52.10 91.12 100.59 56.75 62.84 53.99 52.26 24.76 117.95 31.58 6.01 8.84 67.72 79.01 34.20 22.89 67.06 61.15 59.82 34.17
9.90 53.19 4.81 7.85 5.84 2.51 0.00 23.27 5.81 35.55 48.30 46.85 65.11 70.40 64.17 68.95 82.75 75.77 64.91 67.78 74.53 64.07 75.97 60.36 53.94 58.12 34.86 47.52 52.25 52.25 52.25 18.07 56.17 17.76 46.71 32.82 41.03 29.51 89.23 52.45 31.11 37.44 44.10 104.57 118.20 64.82 56.81 112.96 115.48 110.30 117.72 83.58 73.45 77.00 82.76 72.02 71.20 66.35 100.33 67.56 98.55 77.82 101.05 97.41 43.00 9.02 84.27 102.55 114.53 70.23 80.04 64.09 63.46 63.46 65.34 34.38 18.20 55.43 56.99 58.84 54.36 93.42 103.07 58.05 64.49 55.54 50.80 27.25 120.46 34.08 6.64 8.34 70.24 81.52 31.84 25.02 64.76 59.95 57.86 31.98
26.25 61.44 26.18 27.91 27.21 23.92 23.27 0.00 25.77 12.70 25.28 32.33 53.07 85.38 70.10 78.92 98.45 84.59 62.15 62.77 92.01 62.10 88.90 53.92 72.01 78.71 57.31 55.42 54.87 54.97 54.87 11.22 51.06 40.64 69.86 55.72 50.19 45.49 97.29 31.53 12.75 15.60 21.08 103.81 117.80 79.47 73.49 122.56 124.12 116.47 114.63 77.52 77.62 89.27 77.15 59.78 81.56 62.93 95.48 86.03 94.60 67.97 105.39 100.51 32.37 29.87 91.45 114.09 124.19 60.67 80.36 63.84 75.16 75.16 78.48 57.65 9.37 53.73 53.64 54.02 53.92 91.49 113.53 80.29 85.43 44.77 30.66 41.31 126.27 46.47 29.77 31.41 78.77 89.30 42.23 44.15 54.52 79.36 71.61 23.60
15.35 58.35 1.59 12.51 10.26 8.07 5.81 25.77 0.00 37.27 49.93 51.88 70.56 74.10 69.51 73.73 86.14 80.67 70.72 73.58 77.41 69.86 70.22 56.49 48.72 53.68 31.54 52.79 47.07 47.05 47.07 22.67 61.95 18.39 45.89 32.75 46.24 33.70 94.17 56.27 35.18 40.80 46.85 110.28 123.88 59.16 51.35 117.58 120.25 115.42 123.50 89.37 78.91 81.29 88.57 69.22 65.39 61.86 106.14 70.11 104.35 83.47 106.40 102.88 40.52 4.14 89.36 106.85 119.13 75.87 85.74 69.84 67.97 67.97 69.54 32.82 22.45 61.24 62.79 64.64 60.14 99.18 107.57 58.45 65.85 61.04 50.77 32.00 125.61 38.93 8.39 7.02 75.22 86.54 26.14 28.28 61.60 55.09 52.12 29.68
38.93 71.59 37.93 40.59 39.81 36.42 35.55 12.70 37.27 0.00 12.75 33.57 53.99 97.00 79.23 89.21 110.16 94.41 67.95 67.39 104.16 68.27 94.39 50.41 80.61 88.59 68.59 65.66 56.43 56.58 56.43 23.05 56.32 53.15 82.27 68.25 60.97 57.78 106.67 25.80 16.68 12.26 12.03 109.35 123.31 86.09 81.32 132.22 133.42 124.89 118.84 80.97 85.89 100.13 80.86 52.35 85.89 60.60 99.10 98.40 98.73 69.54 113.21 107.88 28.65 41.23 100.59 124.48 133.87 62.79 86.93 70.72 86.04 86.04 89.70 69.78 21.40 60.46 59.61 59.22 61.20 96.72 123.57 92.97 98.10 47.22 19.41 53.40 134.44 58.12 42.15 43.44 88.61 98.69 48.72 56.78 48.63 88.54 78.01 23.87
51.32 80.84 50.63 53.18 52.48 49.13 48.30 25.28 49.93 12.75 0.00 36.61 55.00 107.66 87.35 98.42 120.88 103.08 73.08 71.43 115.47 73.76 103.40 52.82 91.78 100.43 81.11 75.07 63.18 63.37 63.18 34.85 61.34 65.86 95.01 80.96 70.98 69.46 114.76 22.82 25.26 17.61 10.47 113.49 127.26 95.97 92.03 140.47 141.27 131.84 121.51 83.50 93.07 109.87 83.65 50.08 94.12 63.73 101.45 110.04 101.59 70.53 119.62 113.88 32.93 53.85 108.49 133.59 142.13 64.55 92.41 76.82 95.89 95.89 99.92 82.52 33.38 66.70 65.17 64.09 67.93 100.71 132.28 105.55 110.38 50.13 14.50 64.88 141.07 69.07 54.89 56.18 97.34 106.86 59.12 69.01 48.49 100.00 87.82 32.17
42.28 50.52 51.44 46.08 47.02 45.75 46.85 32.33 51.88 33.57 36.61 0.00 20.85 80.38 54.11 67.10 93.35 70.39 36.70 34.82 90.70 37.58 120.26 83.81 100.59 104.81 80.57 45.70 87.12 87.23 87.12 29.32 25.08 58.81 85.94 71.71 44.04 50.58 80.78 17.68 19.60 21.35 26.19 76.91 90.72 110.10 103.02 106.41 106.62 96.27 85.50 47.52 58.17 79.54 47.50 85.33 113.52 93.71 65.63 87.26 65.44 36.15 83.67 77.69 61.92 55.73 74.31 101.16 108.05 29.23 56.06 41.07 66.46 66.46 71.44 76.92 29.93 31.41 29.21 27.69 33.22 64.13 99.10 91.30 92.17 13.75 50.27 45.56 105.18 46.25 51.14 54.56 64.95 73.16 73.66 54.25 82.13 106.80 102.54 55.11
58.75 51.00 69.88 62.75 64.12 63.61 65.11 53.07 70.56 53.99 55.00 20.85 0.00 81.24 49.81 64.37 93.22 65.46 26.19 21.13 93.24 28.05 140.09 104.39 119.00 121.91 96.93 48.13 107.92 108.03 107.92 48.76 18.88 74.21 98.66 85.20 49.37 61.10 73.10 32.71 40.39 41.74 45.11 60.36 73.61 129.53 121.90 97.64 96.80 84.74 66.74 29.01 50.15 77.16 29.44 104.82 133.79 114.43 46.62 91.63 47.10 15.62 71.45 64.84 82.55 74.13 66.60 95.04 99.22 9.88 43.48 32.74 66.13 66.13 71.75 91.62 49.69 26.84 22.97 19.40 29.76 47.70 91.95 101.09 99.52 9.71 69.31 56.57 92.60 54.72 68.37 72.12 60.92 66.39 93.73 66.67 102.20 124.56 122.18 75.95
61.74 30.48 72.51 62.58 64.58 68.07 70.40 85.38 74.10 97.00 107.66 80.38 81.24 0.00 33.38 19.74 13.24 24.46 57.74 64.28 13.21 55.51 126.89 130.58 97.94 90.99 70.98 34.70 119.35 119.28 119.35 74.22 62.38 58.12 53.49 51.77 37.06 41.05 33.03 97.09 82.49 90.56 98.74 69.64 78.32 114.40 103.72 47.82 52.06 53.68 85.95 73.34 39.34 12.66 71.66 142.17 127.57 135.65 79.26 16.80 75.39 81.21 51.96 53.29 113.07 73.54 33.15 34.77 49.11 77.00 53.09 50.95 15.25 15.25 9.53 59.81 76.02 54.41 58.33 62.01 51.49 66.26 37.25 42.05 31.75 75.00 115.99 44.40 63.02 38.92 65.72 68.24 24.69 29.95 96.45 45.86 135.13 97.19 110.95 102.09
54.27 11.91 68.05 57.07 59.32 61.67 64.17 70.10 69.51 79.23 87.35 54.11 49.81 33.38 0.00 14.70 44.08 16.31 24.72 31.18 46.40 22.54 134.88 122.21 107.71 104.78 80.51 16.78 116.41 116.41 116.41 59.43 31.61 60.13 70.85 62.23 23.41 38.98 27.46 71.77 62.78 69.77 77.26 44.57 56.80 122.58 112.59 53.13 54.19 46.65 60.18 40.26 10.14 27.39 38.60 129.87 132.61 129.59 48.78 47.34 45.33 47.98 36.90 33.69 101.78 70.84 21.39 47.05 54.78 44.30 22.23 17.82 18.41 18.41 24.09 70.80 61.31 23.68 27.14 30.46 21.23 36.99 45.13 65.76 59.42 45.33 98.56 38.40 56.67 31.60 62.37 66.11 11.18 19.52 95.39 46.77 124.27 109.77 117.22 91.58
59.25 17.63 72.17 61.29 63.51 66.45 68.95 78.92 73.73 89.21 98.42 67.10 64.37 19.74 14.70 0.00 29.46 7.54 39.40 45.83 32.95 37.23 134.59 128.81 106.37 101.60 78.82 23.57 120.68 120.66 120.68 67.81 45.92 61.12 65.45 59.58 28.90 40.50 20.82 84.58 73.31 80.84 88.68 51.36 61.48 122.10 111.70 44.14 46.53 42.80 67.65 53.78 19.60 12.80 52.09 138.12 133.59 135.29 59.67 35.40 55.86 62.53 36.93 36.44 109.39 74.27 17.45 35.27 45.73 58.99 33.36 32.49 7.63 7.63 11.60 68.21 69.70 37.88 41.53 44.98 35.21 46.82 34.66 57.40 49.10 59.41 108.61 41.75 52.96 34.88 65.83 69.15 4.99 14.11 98.61 47.54 131.90 107.20 117.52 98.75
74.39 43.07 84.56 74.98 76.91 80.47 82.75 98.45 86.14 110.16 120.88 93.35 93.22 13.24 44.08 29.46 0.00 31.55 68.79 75.26 11.95 66.60 135.05 142.61 106.00 97.75 79.87 47.65 130.47 130.39 130.47 87.32 74.47 69.42 60.36 61.29 50.28 53.69 35.33 110.20 95.73 103.80 111.97 74.49 81.22 122.68 111.96 42.34 47.42 52.58 90.47 82.79 48.11 17.66 81.09 154.70 136.63 147.25 86.48 20.18 82.46 91.99 54.22 57.11 125.62 85.28 37.80 28.22 43.32 88.33 61.42 61.90 27.24 27.24 21.94 68.71 89.10 66.42 70.25 73.85 63.57 73.21 32.35 46.52 34.56 87.44 129.09 57.30 60.74 52.04 77.75 80.00 33.86 35.23 107.46 57.88 147.50 104.27 119.87 114.61
65.98 23.23 79.13 68.19 70.43 73.26 75.77 84.59 80.67 94.41 103.08 70.39 65.46 24.46 16.31 7.54 31.55 0.00 39.59 45.70 37.33 37.55 142.11 135.30 113.91 109.09 86.36 29.25 127.70 127.68 127.70 73.60 47.71 68.50 72.79 67.12 35.14 47.72 13.52 88.04 78.21 85.47 93.12 45.25 54.64 129.63 119.24 37.98 39.87 35.34 61.57 51.49 16.85 13.89 49.79 144.10 141.05 142.02 55.24 40.99 51.29 61.79 29.53 29.50 115.55 81.36 9.97 30.79 39.61 59.11 29.88 32.79 15.04 15.04 18.01 75.75 75.49 39.88 43.19 46.33 37.52 42.08 29.21 64.20 55.31 61.51 113.81 48.68 45.52 41.74 72.89 76.29 5.81 6.59 105.78 54.89 138.08 114.72 125.02 105.03
55.96 29.47 69.56 59.72 61.70 62.73 64.91 62.15 70.72 67.95 73.08 36.70 26.19 57.74 24.72 39.40 68.79 39.59 0.00 6.55 70.47 2.22 140.40 116.08 115.70 115.61 90.28 29.11 114.77 114.83 114.77 53.62 11.75 67.62 86.16 74.65 33.34 49.11 46.94 53.67 51.53 56.53 62.61 41.67 55.67 128.75 119.71 71.75 71.25 59.98 53.14 20.10 23.96 51.98 18.86 120.29 136.11 124.93 35.48 70.33 33.64 23.53 47.11 41.01 94.40 73.31 40.43 68.85 73.36 19.62 19.36 6.91 42.51 42.51 48.26 82.47 55.23 9.52 8.51 9.02 11.24 29.38 65.78 84.76 80.63 24.46 86.17 46.00 68.61 41.27 65.66 69.69 35.46 40.21 96.53 56.41 116.07 119.55 122.28 85.59
59.26 35.88 72.52 63.13 65.01 65.71 67.78 62.77 73.58 67.39 71.43 34.82 21.13 64.28 31.18 45.83 75.26 45.70 6.55 0.00 77.02 8.77 143.64 116.50 119.62 120.11 94.73 35.17 116.41 116.48 116.41 55.09 11.88 71.88 91.64 79.73 38.94 54.21 52.25 50.92 51.40 55.57 61.01 42.12 56.00 132.18 123.41 76.55 75.68 63.75 51.86 15.83 29.59 58.33 14.99 119.68 138.89 125.70 32.97 76.84 31.84 16.99 50.56 44.10 94.66 76.42 45.82 74.41 78.12 13.44 22.49 13.37 49.05 49.05 54.80 87.35 56.57 13.86 11.04 9.02 16.35 29.38 71.10 90.80 86.96 21.53 84.98 50.78 71.89 46.53 69.09 73.11 41.78 45.88 99.02 61.28 115.90 123.81 125.51 86.36
66.88 42.24 75.86 66.95 68.72 72.39 74.53 92.01 77.41 104.16 115.47 90.70 93.24 13.21 46.40 32.95 11.95 37.33 70.47 77.02 0.00 68.25 123.45 133.59 94.41 85.91 68.67 45.63 120.47 120.38 120.47 81.11 74.37 59.97 48.62 50.54 46.69 46.55 44.25 106.82 90.69 98.89 107.13 82.19 90.17 111.12 100.41 54.13 59.09 63.27 98.44 86.49 52.54 24.28 84.82 146.50 125.33 137.68 92.38 8.45 88.48 94.00 63.39 65.40 117.52 76.15 45.38 40.08 55.16 89.51 66.28 63.77 28.05 28.05 22.32 57.58 82.81 66.53 70.49 74.23 63.56 79.32 43.97 34.57 22.64 86.48 122.63 50.76 71.88 46.51 69.07 70.96 37.88 42.36 97.44 49.51 139.01 92.46 108.55 106.51
54.98 27.30 68.68 58.68 60.70 61.84 64.07 62.10 69.86 68.27 73.76 37.58 28.05 55.51 22.54 37.23 66.60 37.55 2.22 8.77 68.25 0.00 139.36 116.02 114.43 114.13 88.82 27.10 114.29 114.34 114.29 53.29 12.51 66.25 84.33 72.98 31.52 47.45 45.21 54.76 51.76 57.02 63.30 41.75 55.73 127.63 118.51 70.19 69.81 58.81 53.74 21.80 22.16 49.84 20.49 120.57 135.22 124.74 36.56 68.12 34.52 25.76 46.09 40.15 94.42 72.36 38.68 67.01 71.80 21.77 18.70 4.78 40.28 40.28 46.03 80.87 54.94 8.70 8.67 10.04 9.91 29.71 64.03 82.72 78.49 25.76 86.68 44.49 67.60 39.58 64.61 68.64 33.33 38.34 95.77 54.84 116.21 118.15 121.25 85.45
84.46 122.99 71.19 80.68 78.71 77.95 75.97 88.90 70.22 94.39 103.40 120.26 140.09 126.89 134.88 134.59 135.05 142.11 140.40 143.64 123.45 139.36 0.00 63.18 29.05 39.29 56.09 118.45 42.84 42.60 42.84 91.33 132.12 74.77 74.90 75.49 111.92 95.90 155.24 119.56 101.33 103.85 106.41 178.27 191.34 12.52 23.18 174.63 178.58 177.31 192.42 159.47 144.92 137.82 158.60 81.45 11.79 55.51 175.88 115.01 173.84 153.55 170.70 168.44 72.55 67.23 151.84 161.59 175.97 145.97 153.84 138.77 127.39 127.39 126.54 67.16 90.46 130.89 132.74 134.76 129.48 167.99 164.06 90.24 102.52 130.80 94.33 96.87 187.40 103.40 74.75 70.72 137.57 148.61 46.70 88.14 73.63 32.38 18.14 71.27
69.70 112.21 58.08 68.21 66.11 62.79 60.36 53.92 56.49 50.41 52.82 83.81 104.39 130.58 122.21 128.81 142.61 135.30 116.08 116.50 133.59 116.02 63.18 0.00 66.38 79.52 73.42 106.27 21.90 22.14 21.90 63.31 104.90 73.66 94.96 85.38 100.16 89.87 148.57 74.72 65.21 62.65 60.53 157.73 171.73 61.20 63.14 172.94 175.17 168.86 168.33 130.82 130.52 137.33 130.58 18.91 51.69 11.10 148.91 126.00 148.25 119.91 158.45 153.92 21.92 57.44 143.18 162.87 174.53 113.04 134.18 117.63 123.67 123.67 125.70 81.46 61.52 107.60 107.56 107.86 107.65 145.39 163.22 110.27 119.76 97.29 39.33 87.44 178.87 94.09 64.88 62.66 129.61 140.68 39.28 84.77 10.50 75.56 54.12 30.77
60.79 95.81 49.22 56.80 55.15 55.39 53.94 72.01 48.72 80.61 91.78 100.59 119.00 97.94 107.71 106.37 106.00 113.91 115.70 119.62 94.41 114.43 29.05 66.38 0.00 13.85 27.55 91.69 44.81 44.58 44.81 71.32 108.58 48.34 45.92 46.89 85.33 68.91 126.86 103.53 83.22 87.61 92.06 151.77 164.48 16.74 6.14 145.73 149.76 148.93 166.48 135.37 117.84 109.04 134.35 85.13 32.27 63.11 150.93 85.97 148.58 131.21 142.86 140.97 66.50 44.94 123.74 132.61 147.05 123.66 127.62 113.30 99.04 99.04 97.91 38.38 70.93 106.27 108.58 111.01 104.54 142.13 135.16 61.50 73.69 109.38 86.36 70.57 158.95 76.70 50.93 47.02 109.59 120.46 33.24 61.07 76.35 9.23 16.32 60.92
63.18 93.03 53.79 59.19 57.96 59.07 58.12 78.71 53.68 88.59 100.43 104.81 121.91 90.99 104.78 101.60 97.75 109.09 115.61 120.11 85.91 114.13 39.29 79.52 13.85 0.00 25.39 89.60 58.24 58.01 58.24 76.15 109.69 48.33 37.57 42.56 83.62 67.07 121.54 109.86 88.85 94.18 99.48 149.31 161.45 28.30 19.17 138.70 143.05 143.46 164.57 135.62 114.90 102.74 134.46 98.10 44.84 76.76 150.20 77.58 147.54 132.99 138.49 137.24 77.73 49.59 119.05 125.16 139.93 125.57 125.71 112.45 94.06 94.06 92.19 33.98 76.08 106.41 109.11 111.89 104.37 140.49 128.16 51.80 64.15 112.21 96.50 69.65 153.28 75.05 53.76 50.25 105.27 115.69 43.99 59.41 89.28 6.92 29.87 70.99
38.42 68.63 31.19 34.52 33.57 35.30 34.86 57.31 31.54 68.59 81.11 80.57 96.93 70.98 80.51 78.82 79.87 86.36 90.28 94.73 68.67 88.82 56.09 73.42 27.55 25.39 0.00 64.82 55.58 55.42 55.58 52.81 84.32 22.97 22.38 19.41 58.65 42.09 99.33 87.31 65.97 72.17 78.39 124.82 137.30 43.56 32.99 118.61 122.51 121.40 139.82 110.26 90.65 81.74 109.11 90.22 56.77 74.30 125.02 60.25 122.45 107.69 115.34 113.57 64.84 27.45 96.20 105.74 119.97 100.30 100.92 87.26 71.49 71.49 70.47 11.20 53.05 81.04 83.73 86.50 79.03 115.60 108.05 38.52 49.76 87.22 80.06 44.38 131.44 50.03 29.54 26.56 82.06 92.91 34.14 34.31 81.57 29.46 40.04 55.71
37.62 6.03 51.31 40.32 42.57 45.01 47.52 55.42 52.79 65.66 75.07 45.70 48.13 34.70 16.78 23.57 47.65 29.25 29.11 35.17 45.63 27.10 118.45 106.27 91.69 89.60 64.82 0.00 99.76 99.76 99.76 44.38 29.51 43.69 57.69 47.37 6.63 22.79 42.33 62.62 49.87 57.55 65.52 60.09 72.91 106.23 96.39 67.21 69.05 62.87 75.02 48.66 26.56 34.84 47.22 114.85 115.93 113.31 61.11 43.50 58.20 51.60 53.64 50.42 86.32 54.07 36.95 58.83 68.84 45.85 36.13 24.04 21.06 21.06 25.77 55.71 46.27 22.31 26.23 29.98 19.36 50.89 58.10 55.65 52.09 40.90 85.05 21.69 73.00 15.05 45.59 49.33 23.47 34.42 78.62 30.62 108.85 94.25 100.68 75.86
62.15 105.39 48.59 59.58 57.33 54.75 52.25 54.87 47.07 56.43 63.18 87.12 107.92 119.35 116.41 120.68 130.47 127.70 114.77 116.41 120.47 114.29 42.84 21.90 44.81 58.24 55.58 99.76 0.00 0.25 0.00 61.32 104.53 61.23 77.85 70.39 93.25 80.33 141.21 82.23 67.53 67.65 68.18 155.72 169.55 39.51 41.30 164.30 167.14 162.49 167.89 131.70 125.59 127.62 131.18 40.81 32.06 18.99 149.38 112.43 148.13 122.81 153.28 149.52 30.69 46.46 136.42 153.09 165.83 115.46 131.39 115.04 114.69 114.69 115.80 65.00 59.86 105.61 106.38 107.44 105.05 144.00 154.14 93.79 104.29 99.58 52.44 79.02 172.66 85.98 54.86 51.66 122.28 133.60 23.03 73.98 32.26 53.92 32.26 32.62
62.15 105.39 48.58 59.56 57.32 54.75 52.25 54.97 47.05 56.58 63.37 87.23 108.03 119.28 116.41 120.66 130.39 127.68 114.83 116.48 120.38 114.34 42.60 22.14 44.58 58.01 55.42 99.76 0.25 0.00 0.25 61.39 104.60 61.17 77.70 70.28 93.25 80.29 141.19 82.38 67.64 67.78 68.34 155.76 169.59 39.26 41.06 164.26 167.11 162.48 167.95 131.77 125.61 127.58 131.26 41.05 31.83 19.18 149.45 112.34 148.20 122.91 153.29 149.53 30.90 46.42 136.41 153.04 165.79 115.56 131.42 115.08 114.65 114.65 115.76 64.86 59.93 105.66 106.44 107.51 105.09 144.05 154.10 93.65 104.16 99.68 52.66 79.00 172.65 85.96 54.83 51.62 122.26 133.59 22.94 73.93 32.50 53.69 32.01 32.77
62.15 105.39 48.59 59.58 57.33 54.75 52.25 54.87 47.07 56.43 63.18 87.12 107.92 119.35 116.41 120.68 130.47 127.70 114.77 116.41 120.47 114.29 42.84 21.90 44.81 58.24 55.58 99.76 0.00 0.25 0.00 61.32 104.53 61.23 77.85 70.39 93.25 80.33 141.21 82.23 67.53 67.65 68.18 155.72 169.55 39.51 41.30 164.30 167.14 162.49 167.89 131.70 125.59 127.62 131.18 40.81 32.06 18.99 149.38 112.43 148.13 122.81 153.28 149.52 30.69 46.46 136.42 153.09 165.83 115.46 131.39 115.04 114.69 114.69 115.80 65.00 59.86 105.61 106.38 107.44 105.05 144.00 154.14 93.79 104.29 99.58 52.44 79.02 172.66 85.98 54.86 51.66 122.28 133.60 23.03 73.98 32.26 53.92 32.26 32.62
17.06 50.41 22.39 19.79 19.86 17.53 18.07 11.22 22.67 23.05 34.85 29.32 48.76 74.22 59.43 67.81 87.32 73.60 53.62 55.09 81.11 53.29 91.33 63.31 71.32 76.15 52.81 44.38 61.32 61.39 61.32 0.00 43.21 33.20 62.32 47.88 39.02 34.74 86.45 34.68 13.32 20.59 28.21 94.99 108.94 80.90 73.69 111.58 113.26 105.98 106.65 70.46 67.33 78.06 69.90 70.53 85.19 71.58 88.06 75.36 86.83 62.60 95.23 90.61 42.39 26.64 80.71 102.93 113.21 55.07 71.06 54.52 63.96 63.96 67.26 51.15 1.89 44.69 45.16 46.12 44.49 82.97 102.45 71.36 75.60 39.56 41.77 30.35 115.87 35.30 23.45 26.26 67.80 78.46 45.07 34.24 64.85 77.76 73.46 32.54
47.93 32.13 60.93 51.87 53.66 54.17 56.17 51.06 61.95 56.32 61.34 25.08 18.88 62.38 31.61 45.92 74.47 47.71 11.75 11.88 74.37 12.51 132.12 104.90 108.58 109.69 84.32 29.51 104.53 104.60 104.53 43.21 0.00 61.36 82.99 70.35 31.53 45.16 56.76 42.32 40.02 44.80 50.87 53.08 67.06 120.78 112.19 82.11 81.98 71.26 63.61 27.48 33.76 58.72 26.79 108.67 127.17 113.98 44.86 72.91 43.67 23.75 58.59 52.64 83.12 64.91 50.22 78.02 83.73 16.95 31.07 16.22 47.31 47.31 52.90 77.57 44.70 8.06 4.53 2.96 10.91 40.55 75.43 83.81 81.38 13.87 74.44 41.19 80.10 37.98 57.80 61.80 42.79 49.48 87.24 51.69 104.60 113.11 113.99 74.62
16.74 48.27 17.03 13.43 13.53 16.73 17.76 40.64 18.39 53.15 65.86 58.81 74.21 58.12 60.13 61.12 69.42 68.50 67.62 71.88 59.97 66.25 74.77 73.66 48.34 48.33 22.97 43.69 61.23 61.17 61.23 33.20 61.36 0.00 29.28 15.10 37.19 21.19 81.94 67.66 46.46 53.69 60.94 103.66 116.60 62.54 52.79 103.74 106.95 103.83 118.18 87.50 70.15 66.75 86.39 87.33 72.72 77.84 102.66 52.35 100.26 84.73 96.30 93.75 58.85 16.35 77.92 92.06 105.22 77.35 79.37 64.98 54.47 54.47 54.95 18.20 33.98 58.29 60.86 63.57 56.39 93.80 93.41 40.35 47.45 64.53 68.47 22.26 114.02 28.64 11.13 11.43 63.54 74.81 38.37 13.63 79.49 51.95 57.10 48.06
45.42 59.75 44.88 42.55 42.81 45.95 46.71 69.86 45.89 82.27 95.01 85.94 98.66 53.49 70.85 65.45 60.36 72.79 86.16 91.64 48.62 84.33 74.90 94.96 45.92 37.57 22.38 57.69 77.85 77.70 77.85 62.32 82.99 29.28 0.00 14.48 52.82 37.85 84.72 96.41 75.45 82.88 90.21 115.16 126.49 62.66 51.98 101.14 105.54 106.43 131.00 106.11 80.70 65.44 104.74 111.02 77.44 96.45 118.62 40.21 115.53 106.71 102.32 101.72 84.19 42.55 82.75 87.60 102.37 99.86 92.77 81.67 57.82 57.82 55.33 13.72 63.19 77.85 81.23 84.58 75.29 107.66 90.61 16.22 27.95 89.30 96.65 42.13 116.12 45.17 40.12 39.12 69.53 79.35 55.88 32.07 102.56 43.95 60.68 74.13
30.94 50.52 31.56 28.16 28.54 31.83 32.82 55.72 32.75 68.25 80.96 71.71 85.20 51.77 62.23 59.58 61.29 67.12 74.65 79.73 50.54 72.98 75.49 85.38 46.89 42.56 19.41 47.37 70.39 70.28 70.39 47.88 70.35 15.10 14.48 0.00 41.72 25.55 79.99 81.93 60.99 68.46 75.86 106.78 118.89 62.97 52.40 99.28 103.12 102.05 122.15 94.74 72.35 62.35 93.46 100.29 75.80 88.23 108.38 42.29 105.55 94.10 96.28 94.79 72.47 29.89 77.01 86.53 100.65 87.04 83.37 70.82 52.19 52.19 51.06 8.66 48.79 65.87 69.01 72.17 63.53 98.21 88.73 25.76 34.38 75.70 83.36 29.16 112.07 33.40 26.18 25.77 62.99 73.69 47.50 18.68 92.12 47.77 59.19 61.97
31.14 12.16 44.75 33.75 36.00 38.52 41.03 50.19 46.24 60.97 70.98 44.04 49.37 37.06 23.41 28.90 50.28 35.14 33.34 38.94 46.69 31.52 111.92 100.16 85.33 83.62 58.65 6.63 93.25 93.25 93.25 39.02 31.53 37.19 52.82 41.72 0.00 16.57 48.44 60.23 45.73 53.67 61.80 66.48 79.42 99.73 89.96 72.94 75.01 69.28 81.20 53.31 33.18 39.17 51.96 109.22 109.32 107.02 66.69 43.38 63.94 54.69 60.24 57.05 80.51 47.46 43.27 63.91 74.56 48.38 42.31 29.10 25.07 25.07 28.94 49.88 40.90 25.33 28.98 32.57 22.62 56.95 63.56 52.32 50.15 41.27 80.27 15.09 79.43 8.64 38.98 42.71 29.45 40.61 72.01 24.35 103.03 88.12 94.12 69.92
20.71 27.10 32.11 21.66 23.76 27.12 29.51 45.49 33.70 57.78 69.46 50.58 61.10 41.05 38.98 40.50 53.69 47.72 49.11 54.21 46.55 47.45 95.90 89.87 68.91 67.07 42.09 22.79 80.33 80.29 80.33 34.74 45.16 21.19 37.85 25.55 16.57 0.00 61.23 64.04 45.43 53.65 61.82 82.87 95.61 83.60 73.66 83.99 86.84 82.94 97.74 69.20 49.05 47.60 67.93 101.12 93.88 95.55 83.16 40.62 80.47 68.90 75.13 72.57 72.02 33.87 56.93 73.16 85.53 62.02 58.84 45.45 34.37 34.37 35.87 33.46 36.38 40.35 43.56 46.82 37.98 73.51 73.91 40.78 42.17 51.95 76.09 5.06 93.15 7.98 25.53 28.69 42.57 53.90 58.11 7.84 94.11 71.55 78.29 61.04
79.42 36.36 92.63 81.68 83.92 86.72 89.23 97.29 94.17 106.67 114.76 80.78 73.10 33.03 27.46 20.82 35.33 13.52 46.94 52.25 44.25 45.21 155.24 148.57 126.86 121.54 99.33 42.33 141.21 141.19 141.21 86.45 56.76 81.94 84.72 79.99 48.44 61.23 0.00 98.44 90.24 97.20 104.61 39.46 46.01 142.74 132.28 25.73 26.82 22.07 55.23 54.22 23.07 20.40 52.59 156.98 154.40 155.42 53.41 49.73 49.31 66.78 19.13 21.86 128.60 94.88 6.54 22.39 27.38 65.52 32.11 40.75 27.86 27.86 29.40 88.56 88.33 49.48 52.25 54.89 47.57 40.25 18.85 74.79 64.79 70.59 126.02 62.19 32.18 55.24 86.41 89.82 19.00 8.00 119.30 68.35 151.14 127.33 138.28 118.18
51.05 67.72 56.33 54.25 54.50 52.17 52.45 31.53 56.27 25.80 22.82 17.68 32.71 97.09 71.77 84.58 110.20 88.04 53.67 50.92 106.82 54.76 119.56 74.72 103.53 109.86 87.31 62.62 82.23 82.38 82.23 34.68 42.32 67.66 96.41 81.93 60.23 64.04 98.44 0.00 21.38 15.95 14.28 92.43 105.96 110.64 104.97 124.05 124.18 113.56 99.45 61.62 75.76 96.91 61.92 72.89 111.43 85.37 79.33 102.76 79.74 48.03 100.78 94.63 53.64 60.40 91.96 118.82 125.69 42.48 72.90 58.49 83.59 83.59 88.39 85.75 34.28 49.01 46.62 44.73 50.89 79.65 116.77 103.89 106.21 29.43 37.32 59.00 122.28 61.07 58.12 60.77 82.56 90.83 73.21 66.19 71.13 110.78 102.68 49.66
30.05 55.69 35.13 33.03 33.17 30.79 31.11 12.75 35.18 16.68 25.26 19.60 40.39 82.49 62.78 73.31 95.73 78.21 51.53 51.40 90.69 51.76 101.33 65.21 83.22 88.85 65.97 49.87 67.53 67.64 67.53 13.32 40.02 46.46 75.45 60.99 45.73 45.43 90.24 21.38 0.00 8.24 16.46 93.10 107.08 91.59 85.12 115.87 116.94 108.24 103.16 65.63 69.24 84.63 65.37 68.82 94.22 74.73 83.70 85.64 83.06 55.45 96.53 91.22 43.31 39.27 84.10 108.54 117.52 48.26 70.37 54.09 70.64 70.64 74.67 64.46 12.92 43.83 43.12 42.96 44.53 80.56 107.41 83.86 87.28 32.36 35.82 40.60 117.77 44.18 36.74 39.41 72.42 82.28 54.63 46.28 64.58 90.09 83.85 35.72
37.63 63.27 41.00 40.33 40.22 37.49 37.44 15.60 40.80 12.26 17.61 21.35 41.74 90.56 69.77 80.84 103.80 85.47 56.53 55.57 98.89 57.02 103.85 62.65 87.61 94.18 72.17 57.55 67.65 67.78 67.65 20.59 44.80 53.69 82.88 68.46 53.67 53.65 97.20 15.95 8.24 0.00 8.24 97.65 111.56 94.76 89.02 122.90 123.76 114.57 106.77 68.84 75.68 92.38 68.77 64.14 96.00 72.76 86.96 93.87 86.68 57.28 102.53 96.97 40.84 44.94 90.95 115.98 124.55 50.54 75.72 59.80 78.45 78.45 82.61 71.46 19.71 49.59 48.36 47.66 50.63 84.95 114.67 91.77 95.42 35.06 29.66 48.83 123.92 52.38 43.50 45.78 79.72 89.28 57.36 54.31 60.77 94.94 86.83 35.07
45.25 71.18 47.24 47.71 47.41 44.44 44.10 21.08 46.85 12.03 10.47 26.19 45.11 98.74 77.26 88.68 111.97 93.12 62.61 61.01 107.13 63.30 106.41 60.53 92.06 99.48 78.39 65.52 68.18 68.34 68.18 28.21 50.87 60.94 90.21 75.86 61.80 61.82 104.61 14.28 16.46 8.24 0.00 103.10 116.90 98.01 93.00 130.33 131.02 121.46 111.36 73.33 82.74 100.36 73.43 59.71 97.90 71.12 91.35 102.10 91.38 60.72 109.18 103.42 39.36 50.95 98.29 123.74 131.98 54.50 81.94 66.39 86.49 86.49 90.72 78.42 27.11 56.30 54.71 53.62 57.58 90.32 122.29 99.57 103.49 39.79 24.25 57.03 130.64 60.62 50.41 52.36 87.41 96.74 60.59 62.27 57.34 99.77 89.95 35.77
95.02 56.28 108.97 98.42 100.57 102.22 104.57 103.81 110.28 109.35 113.49 76.91 60.36 69.64 44.57 51.36 74.49 45.25 41.67 42.12 82.19 41.75 178.27 157.73 151.77 149.31 124.82 60.09 155.72 155.76 155.72 94.99 53.08 103.66 115.16 106.78 66.48 82.87 39.46 92.43 93.10 97.65 103.10 0.00 14.00 166.16 156.43 52.10 48.44 33.91 16.33 31.82 34.52 57.95 31.07 161.70 175.12 166.49 18.97 86.23 15.77 47.10 22.85 17.72 136.07 112.35 36.88 57.97 53.19 50.53 24.56 40.68 58.65 58.65 62.89 115.32 96.66 50.30 50.17 50.15 50.68 12.80 52.62 108.60 100.41 63.41 127.10 81.44 37.53 75.09 104.16 108.12 46.61 39.83 136.41 90.71 157.68 154.19 160.36 127.19
108.57 68.68 122.54 111.89 114.07 115.82 118.20 117.80 123.88 123.31 127.26 90.72 73.61 78.32 56.80 61.48 81.22 54.64 55.67 56.00 90.17 55.73 191.34 171.73 164.48 161.45 137.30 72.91 169.55 169.59 169.55 108.94 67.06 116.60 126.49 118.89 79.42 95.61 46.01 105.96 107.08 111.56 116.90 14.00 0.00 179.14 169.27 51.69 46.97 33.23 13.70 44.69 46.66 66.00 44.16 175.64 188.48 180.46 28.96 95.12 27.06 59.65 27.01 25.15 150.07 125.83 45.22 60.59 52.42 63.73 38.19 54.53 69.03 69.03 72.65 127.51 110.62 64.25 64.17 64.13 64.55 26.61 54.97 118.82 109.82 77.14 140.96 94.48 32.82 87.96 117.58 121.50 57.07 48.51 150.02 103.44 171.66 166.54 173.51 141.18
72.92 110.69 60.01 69.07 67.17 66.68 64.82 79.47 59.16 86.09 95.97 110.10 129.53 114.40 122.58 122.10 122.68 129.63 128.75 132.18 111.12 127.63 12.52 61.20 16.74 28.30 43.56 106.23 39.51 39.26 39.51 80.90 120.78 62.54 62.66 62.97 99.73 83.60 142.74 110.64 91.59 94.76 98.01 166.16 179.14 0.00 10.72 162.13 166.06 164.81 180.46 148.01 132.65 125.30 147.10 80.04 16.72 55.40 164.19 102.68 162.06 142.63 158.28 156.09 66.84 55.92 139.38 149.12 163.47 135.04 141.79 126.90 114.88 114.88 114.02 54.64 80.18 119.24 121.23 123.37 117.74 156.04 151.56 78.21 90.42 120.11 88.20 84.72 174.89 91.18 63.12 59.09 125.12 136.14 37.46 75.82 71.67 21.57 8.15 63.88
64.27 100.68 52.02 60.33 58.56 58.45 56.81 73.49 51.35 81.32 92.03 103.02 121.90 103.72 112.59 111.70 111.96 119.24 119.71 123.41 100.41 118.51 23.18 63.14 6.14 19.17 32.99 96.39 41.30 41.06 41.30 73.69 112.19 52.79 51.98 52.40 89.96 73.66 132.28 104.97 85.12 89.02 93.00 156.43 169.27 10.72 0.00 151.47 155.43 154.35 170.95 139.21 122.69 114.69 138.24 82.02 26.17 59.05 155.06 91.96 152.81 134.50 148.03 145.99 65.17 47.79 129.03 138.42 152.80 126.92 132.16 117.56 104.43 104.43 103.46 44.00 73.16 110.23 112.39 114.69 108.60 146.55 140.89 67.62 79.79 112.35 85.69 75.05 164.41 81.35 54.39 50.41 114.81 125.76 32.93 65.84 73.33 13.27 10.73 60.53
103.33 61.18 116.00 105.23 107.43 110.47 112.96 122.56 117.58 132.22 140.47 106.41 97.64 47.82 53.13 44.14 42.34 37.98 71.75 76.55 54.13 70.19 174.63 172.94 145.73 138.70 118.61 67.21 164.30 164.26 164.30 111.58 82.11 103.74 101.14 99.28 72.94 83.99 25.73 124.05 115.87 122.90 130.33 52.10 51.69 162.13 151.47 0.00 5.70 18.61 64.46 75.67 48.35 37.11 74.19 182.06 174.95 179.30 69.99 61.87 66.09 89.64 29.92 36.58 153.45 117.85 32.12 14.16 1.65 89.43 54.81 65.94 49.63 49.63 48.83 107.49 113.47 75.04 77.64 80.08 73.22 58.28 10.57 88.44 76.76 95.85 151.60 85.71 21.56 78.92 109.51 112.64 43.78 33.62 141.87 90.47 175.97 144.97 158.44 142.86
105.76 63.05 118.68 107.82 110.04 112.98 115.48 124.12 120.25 133.42 141.27 106.62 96.80 52.06 54.19 46.53 47.42 39.87 71.25 75.68 59.09 69.81 178.58 175.17 149.76 143.05 122.51 69.05 167.14 167.11 167.14 113.26 81.98 106.95 105.54 103.12 75.01 86.84 26.82 124.18 116.94 123.76 131.02 48.44 46.97 166.06 155.43 5.70 0.00 14.54 60.01 73.65 48.45 40.77 72.24 183.79 178.61 181.80 66.76 66.65 62.97 88.01 27.11 33.98 155.37 120.69 32.84 19.49 5.74 88.28 53.53 65.76 52.54 52.54 52.28 111.43 115.15 75.22 77.59 79.80 73.59 55.59 15.13 93.20 81.67 95.57 152.74 88.27 15.97 81.40 112.29 115.53 45.60 34.82 144.89 93.55 177.90 149.24 162.19 144.89
100.42 57.12 113.91 102.91 105.16 107.79 110.30 116.47 115.42 124.89 131.84 96.27 84.74 53.68 46.65 42.80 52.58 35.34 59.98 63.75 63.27 58.81 177.31 168.86 148.93 143.46 121.40 62.87 162.49 162.48 162.49 105.98 71.26 103.83 106.43 102.05 69.28 82.94 22.07 113.56 108.24 114.57 121.46 33.91 33.23 164.81 154.35 18.61 14.54 0.00 45.85 60.15 39.00 41.18 58.82 176.24 176.39 176.14 52.32 69.82 48.58 74.89 13.44 20.32 148.37 116.35 26.09 28.09 19.51 75.79 41.27 55.21 49.93 49.93 51.27 110.61 107.85 65.17 67.06 68.84 63.94 41.52 22.46 95.73 85.05 84.44 143.99 83.58 10.21 76.60 107.85 111.36 40.38 29.04 140.86 90.21 170.83 149.31 160.32 138.23
108.43 71.66 122.27 112.01 114.10 115.45 117.72 114.63 123.50 118.84 121.51 85.50 66.74 85.95 60.18 67.65 90.47 61.57 53.14 51.86 98.44 53.74 192.42 168.33 166.48 164.57 139.82 75.02 167.89 167.95 167.89 106.65 63.61 118.18 131.00 122.15 81.20 97.74 55.23 99.45 103.16 106.77 111.36 16.33 13.70 180.46 170.95 64.46 60.01 45.85 0.00 38.03 50.31 74.17 38.00 170.83 188.75 177.56 20.13 102.56 20.11 51.74 37.31 33.38 146.47 125.84 53.07 72.22 65.30 57.01 38.90 53.73 74.90 74.90 79.20 130.62 108.21 62.44 61.51 60.66 63.36 24.43 66.68 124.81 116.72 71.75 135.60 95.93 46.39 89.84 117.87 121.87 62.87 56.08 149.48 105.55 167.45 169.27 174.40 138.21
75.09 48.03 88.33 78.96 80.84 81.53 83.58 77.52 89.37 80.97 83.50 47.52 29.01 73.34 40.26 53.78 82.79 51.49 20.10 15.83 86.49 21.80 159.47 130.82 135.37 135.62 110.26 48.66 131.70 131.77 131.70 70.46 27.48 87.50 106.11 94.74 53.31 69.20 54.22 61.62 65.63 68.84 73.33 31.82 44.69 148.01 139.21 75.67 73.65 60.15 38.03 0.00 34.70 65.20 1.70 132.83 154.65 140.32 18.13 87.56 18.13 15.35 46.76 39.84 108.90 92.24 48.47 76.49 77.11 19.15 22.21 24.70 58.65 58.65 64.27 102.56 71.86 29.22 26.82 24.74 31.29 19.66 72.27 104.02 99.03 33.78 97.57 66.06 66.65 61.36 84.91 88.93 49.06 49.62 114.72 76.50 129.59 139.44 141.33 101.09
63.58 22.03 77.48 66.56 68.79 70.98 73.45 77.62 78.91 85.89 93.07 58.17 50.15 39.34 10.14 19.60 48.11 16.85 23.96 29.59 52.54 22.16 144.92 130.52 117.84 114.90 90.65 26.56 125.59 125.61 125.59 67.33 33.76 70.15 80.70 72.35 33.18 49.05 23.07 75.76 69.24 75.68 82.74 34.52 46.66 132.65 122.69 48.35 48.45 39.00 50.31 34.70 0.00 30.50 33.00 137.33 142.49 138.25 40.28 54.73 36.58 45.15 27.94 23.98 109.70 80.43 16.53 44.90 49.98 43.00 13.77 17.69 25.72 25.72 30.87 80.93 69.17 26.77 29.29 31.83 25.18 27.79 41.87 74.91 67.77 47.56 105.01 48.26 48.67 41.55 72.00 75.80 14.66 16.29 104.92 56.85 132.08 119.91 127.21 99.78
67.69 29.29 79.70 69.17 71.31 74.55 77.00 89.27 81.29 100.13 109.87 79.54 77.16 12.66 27.39 12.80 17.66 13.89 51.98 58.33 24.28 49.84 137.82 137.33 109.04 102.74 81.74 34.84 127.62 127.58 127.62 78.06 58.72 66.75 65.44 62.35 39.17 47.60 20.40 96.91 84.63 92.38 100.36 57.95 66.00 125.30 114.69 37.11 40.77 41.18 74.17 65.20 30.50 0.00 63.50 147.70 137.89 143.14 69.01 29.33 65.02 74.84 39.42 41.13 118.73 81.27 21.10 25.56 38.55 71.60 43.76 45.07 14.11 14.11 11.82 70.69 79.93 50.68 54.33 57.77 47.99 55.78 26.68 54.63 44.39 72.18 119.45 49.93 50.70 43.51 73.07 76.01 16.57 18.16 105.01 53.65 141.11 108.79 121.43 107.89
74.18 46.49 87.50 78.03 79.93 80.69 82.76 77.15 88.57 80.86 83.65 47.50 29.44 71.66 38.60 52.09 81.09 49.79 18.86 14.99 84.82 20.49 158.60 130.58 134.35 134.46 109.11 47.22 131.18 131.26 131.18 69.90 26.79 86.39 104.74 93.46 51.96 67.93 52.59 61.92 65.37 68.77 73.43 31.07 44.16 147.10 138.24 74.19 72.24 58.82 38.00 1.70 33.00 63.50 0.00 132.83 153.89 140.01 18.34 85.92 17.95 16.36 45.41 38.50 108.67 91.38 46.81 74.88 75.64 19.57 20.56 23.22 56.98 56.98 62.59 101.33 71.33 28.11 25.87 23.98 30.10 18.70 70.70 102.51 97.44 33.75 97.66 64.87 65.46 60.07 83.98 88.01 47.36 47.94 114.00 75.27 129.49 138.34 140.47 100.74
80.43 120.88 70.73 79.74 77.85 74.25 72.02 59.78 69.22 52.35 50.08 85.33 104.82 142.17 129.87 138.12 154.70 144.10 120.29 119.68 146.50 120.57 81.45 18.91 85.13 98.10 90.22 114.85 40.81 41.05 40.81 70.53 108.67 87.33 111.02 100.29 109.22 101.12 156.98 72.89 68.82 64.14 59.71 161.70 175.64 80.04 82.02 182.06 183.79 176.24 170.83 132.83 137.33 147.70 132.83 0.00 69.78 26.32 150.91 139.32 150.76 120.42 164.99 159.90 29.10 71.01 151.20 172.97 183.68 114.16 139.19 122.86 133.72 133.72 136.39 97.33 68.64 112.61 111.92 111.58 113.15 149.04 172.78 125.75 134.47 99.08 35.60 98.00 185.99 104.20 77.47 75.95 138.30 148.99 56.42 97.03 8.83 94.33 73.03 40.10
80.31 120.84 66.55 76.76 74.66 73.38 71.20 81.56 65.39 85.89 94.12 113.52 133.79 127.57 132.61 133.59 136.63 141.05 136.11 138.89 125.33 135.22 11.79 51.69 32.27 44.84 56.77 115.93 32.06 31.83 32.06 85.19 127.17 72.72 77.44 75.80 109.32 93.88 154.40 111.43 94.22 96.00 97.90 175.12 188.48 16.72 26.17 174.95 178.61 176.39 188.75 154.65 142.49 137.89 153.89 69.78 0.00 43.75 171.53 116.89 169.72 147.78 169.00 166.29 62.43 62.91 150.58 162.33 176.35 140.23 150.58 135.02 126.65 126.65 126.34 67.96 84.14 126.62 128.17 129.92 125.44 164.36 164.43 93.35 105.38 124.74 84.26 94.24 186.55 101.01 70.97 67.01 136.22 147.44 40.14 86.33 62.08 38.22 16.79 62.28
76.05 119.16 63.44 74.09 71.90 68.84 66.35 62.93 61.86 60.60 63.73 93.71 114.43 135.65 129.59 135.29 147.25 142.02 124.93 125.70 137.68 124.74 55.51 11.10 63.11 76.76 74.30 113.31 18.99 19.18 18.99 71.58 113.98 77.84 96.45 88.23 107.02 95.55 155.42 85.37 74.73 72.76 71.12 166.49 180.46 55.40 59.05 179.30 181.80 176.14 177.56 140.32 138.25 143.14 140.01 26.32 43.75 0.00 158.34 129.83 157.53 129.86 166.16 161.89 31.95 62.12 150.25 168.71 180.87 122.86 142.63 126.10 129.77 129.77 131.39 83.35 69.87 116.21 116.42 116.93 116.07 154.31 169.38 112.24 122.42 107.02 50.39 93.60 186.23 100.41 70.11 67.42 136.42 147.62 40.81 89.84 19.68 72.05 49.14 39.36
91.44 58.97 105.01 95.19 97.18 98.18 100.33 95.48 106.14 99.10 101.45 65.63 46.62 79.26 48.78 59.67 86.48 55.24 35.48 32.97 92.38 36.56 175.88 148.91 150.93 150.20 125.02 61.11 149.38 149.45 149.38 88.06 44.86 102.66 118.62 108.38 66.69 83.16 53.41 79.33 83.70 86.96 91.35 18.97 28.96 164.19 155.06 69.99 66.76 52.32 20.13 18.13 40.28 69.01 18.34 150.91 171.53 158.34 0.00 94.99 4.10 31.64 40.10 33.72 127.00 108.78 49.11 74.13 71.20 36.91 26.67 37.76 66.00 66.00 71.11 116.57 89.53 45.00 43.39 41.97 46.46 13.30 69.13 114.52 107.96 51.90 115.60 80.65 56.50 75.18 101.13 105.16 54.68 51.33 131.82 90.79 147.72 154.43 157.76 119.07
60.40 41.13 68.59 60.14 61.81 65.51 67.56 86.03 70.11 98.40 110.04 87.26 91.63 16.80 47.34 35.40 20.18 40.99 70.33 76.84 8.45 68.12 115.01 126.00 85.97 77.58 60.25 43.50 112.43 112.34 112.43 75.36 72.91 52.35 40.21 42.29 43.38 40.62 49.73 102.76 85.64 93.87 102.10 86.23 95.12 102.68 91.96 61.87 66.65 69.82 102.56 87.56 54.73 29.33 85.92 139.32 116.89 129.83 94.99 0.00 91.22 93.79 68.74 70.06 110.46 68.64 49.92 47.96 62.97 88.75 68.47 63.89 29.13 29.13 23.88 49.18 76.99 65.35 69.33 73.10 62.35 82.21 51.52 26.58 15.23 84.25 116.52 45.17 78.81 41.77 61.86 63.51 40.38 46.70 89.43 42.67 131.69 84.10 100.11 99.48
89.49 55.79 103.18 93.19 95.21 96.34 98.55 94.60 104.35 98.73 101.59 65.44 47.10 75.39 45.33 55.86 82.46 51.29 33.64 31.84 88.48 34.52 173.84 148.25 148.58 147.54 122.45 58.20 148.13 148.20 148.13 86.83 43.67 100.26 115.53 105.55 63.94 80.47 49.31 79.74 83.06 86.68 91.38 15.77 27.06 162.06 152.81 66.09 62.97 48.58 20.11 18.13 36.58 65.02 17.95 150.76 169.72 157.53 4.10 91.22 0.00 32.67 36.18 29.73 126.37 106.88 45.03 70.06 67.33 37.26 23.12 35.27 62.29 62.29 67.34 113.81 88.35 43.11 41.82 40.73 44.36 9.25 65.08 111.09 104.33 51.69 115.61 78.14 53.11 72.50 99.10 103.13 50.87 47.28 130.17 88.16 147.35 151.89 155.74 118.19
70.43 52.75 82.63 74.44 76.05 76.06 77.82 67.97 83.47 69.54 70.53 36.15 15.62 81.21 47.98 62.53 91.99 61.79 23.53 16.99 94.00 25.76 153.55 119.91 131.21 132.99 107.69 51.60 122.81 122.91 122.81 62.60 23.75 84.73 106.71 94.10 54.69 68.90 66.78 48.03 55.45 57.28 60.72 47.10 59.65 142.63 134.50 89.64 88.01 74.89 51.74 15.35 45.15 74.84 16.36 120.42 147.78 129.86 31.64 93.79 32.67 0.00 61.45 54.58 98.03 86.78 60.60 89.16 91.14 7.59 34.95 30.27 66.01 66.01 71.76 101.25 63.73 29.43 25.71 22.18 32.29 35.00 85.36 106.95 103.63 23.24 84.88 64.94 81.77 61.61 80.28 84.19 58.28 61.16 107.64 75.43 117.82 136.16 135.51 91.15
91.16 48.31 104.94 93.96 96.20 98.56 101.05 105.39 106.40 113.21 119.62 83.67 71.45 51.96 36.90 36.93 54.22 29.53 47.11 50.56 63.39 46.09 170.70 158.45 142.86 138.49 115.34 53.64 153.28 153.29 153.28 95.23 58.59 96.30 102.32 96.28 60.24 75.13 19.13 100.78 96.53 102.53 109.18 22.85 27.01 158.28 148.03 29.92 27.11 13.44 37.31 46.76 27.94 39.42 45.41 164.99 169.00 166.16 40.10 68.74 36.18 61.45 0.00 6.92 137.57 107.69 19.58 35.17 31.18 62.41 28.08 42.80 44.54 44.54 47.28 104.94 97.06 52.95 54.52 56.06 52.01 28.49 29.78 93.31 83.68 71.50 132.11 75.08 21.51 68.17 99.21 102.89 33.30 22.98 132.25 82.72 159.91 144.01 153.31 127.70
87.55 45.49 101.45 90.54 92.77 94.94 97.41 100.51 102.88 107.88 113.88 77.69 64.84 53.29 33.69 36.44 57.11 29.50 41.01 44.10 65.40 40.15 168.44 153.92 140.97 137.24 113.57 50.42 149.52 149.53 149.52 90.61 52.64 93.75 101.72 94.79 57.05 72.57 21.86 94.63 91.22 96.97 103.42 17.72 25.15 156.09 145.99 36.58 33.98 20.32 33.38 39.84 23.98 41.13 38.50 159.90 166.29 161.89 33.72 70.06 29.73 54.58 6.92 0.00 132.81 104.39 20.14 40.65 37.89 55.70 21.73 37.19 44.03 44.03 47.51 103.44 92.41 47.44 48.72 50.02 46.74 21.71 35.50 93.69 84.69 65.26 126.61 72.09 27.79 65.28 95.95 99.74 32.20 23.39 128.90 80.30 155.03 142.55 150.85 123.14
51.34 92.33 41.99 50.67 48.82 45.18 43.00 32.37 40.52 28.65 32.93 61.92 82.55 113.07 101.78 109.39 125.62 115.55 94.40 94.66 117.52 94.42 72.55 21.92 66.50 77.73 64.84 86.32 30.69 30.90 30.69 42.39 83.12 58.85 84.19 72.47 80.51 72.02 128.60 53.64 43.31 40.84 39.36 136.07 150.07 66.84 65.17 153.45 155.37 148.37 146.47 108.90 109.70 118.73 108.67 29.10 62.43 31.95 127.00 110.46 126.37 98.03 137.57 132.81 0.00 42.70 122.98 144.07 155.06 91.13 112.73 96.21 104.79 104.79 107.35 70.49 40.54 86.09 85.90 86.08 86.28 123.66 144.02 98.18 106.25 75.37 21.83 68.94 158.27 75.21 48.63 47.41 109.79 120.64 33.74 68.02 22.53 75.53 58.80 11.01
17.41 59.45 4.29 13.94 11.78 10.75 9.02 29.87 4.14 41.23 53.85 55.73 74.13 73.54 70.84 74.27 85.28 81.36 73.31 76.42 76.15 72.36 67.23 57.44 44.94 49.59 27.45 54.07 46.46 46.42 46.46 26.64 64.91 16.35 42.55 29.89 47.46 33.87 94.88 60.40 39.27 44.94 50.95 112.35 125.83 55.92 47.79 117.85 120.69 116.35 125.84 92.24 80.43 81.27 91.38 71.01 62.91 62.12 108.78 68.64 106.88 86.78 107.69 104.39 42.70 0.00 90.27 106.79 119.38 79.19 87.79 72.12 68.23 68.23 69.47 29.25 26.50 63.80 65.54 67.53 62.55 101.46 107.72 55.65 63.57 64.56 54.17 32.78 126.55 39.75 8.50 5.30 76.02 87.37 24.56 27.74 63.14 51.12 49.09 32.09
74.40 31.11 87.83 76.84 79.09 81.75 84.27 91.45 89.36 100.59 108.49 74.31 66.60 33.15 21.39 17.45 37.80 9.97 40.43 45.82 45.38 38.68 151.84 143.18 123.74 119.05 96.20 36.95 136.42 136.41 136.42 80.71 50.22 77.92 82.75 77.01 43.27 56.93 6.54 91.96 84.10 90.95 98.29 36.88 45.22 139.38 129.03 32.12 32.84 26.09 53.07 48.47 16.53 21.10 46.81 151.20 150.58 150.25 49.11 49.92 45.03 60.60 19.58 20.14 122.98 90.27 0.00 28.63 33.77 59.14 26.26 34.21 25.00 25.00 27.75 85.65 82.59 42.98 45.72 48.34 41.10 35.82 25.36 73.89 64.61 64.04 119.90 57.49 36.29 50.52 81.77 85.28 14.37 3.40 114.78 64.29 145.50 124.65 134.65 112.67
93.19 52.90 105.26 94.73 96.87 100.10 102.55 114.09 106.85 124.48 133.59 101.16 95.04 34.77 47.05 35.27 28.22 30.79 68.85 74.41 40.08 67.01 161.59 162.87 132.61 125.16 105.74 58.83 153.09 153.04 153.09 102.93 78.02 92.06 87.60 86.53 63.91 73.16 22.39 118.82 108.54 115.98 123.74 57.97 60.59 149.12 138.42 14.16 19.49 28.09 72.22 76.49 44.90 25.56 74.88 172.97 162.33 168.71 74.13 47.96 70.06 89.16 35.17 40.65 144.07 106.79 28.63 0.00 15.10 87.76 54.46 62.40 39.28 39.28 37.33 94.56 104.82 70.39 73.49 76.39 68.15 61.37 5.65 74.52 62.72 91.89 143.88 75.43 34.20 68.91 98.62 101.52 36.38 28.67 130.40 79.12 166.50 131.52 145.72 133.29
104.91 62.81 117.55 106.79 108.99 112.04 114.53 124.19 119.13 133.87 142.13 108.05 99.22 49.11 54.78 45.73 43.32 39.61 73.36 78.12 55.16 71.80 175.97 174.53 147.05 139.93 119.97 68.84 165.83 165.79 165.83 113.21 83.73 105.22 102.37 100.65 74.56 85.53 27.38 125.69 117.52 124.55 131.98 53.19 52.42 163.47 152.80 1.65 5.74 19.51 65.30 77.11 49.98 38.55 75.64 183.68 176.35 180.87 71.20 62.97 67.33 91.14 31.18 37.89 155.06 119.38 33.77 15.10 0.00 90.98 56.34 67.56 51.17 51.17 50.30 108.83 115.10 76.68 79.27 81.69 74.87 59.60 11.92 89.54 77.80 97.46 153.25 87.28 21.71 80.50 111.05 114.17 45.42 35.27 143.38 91.97 177.59 146.22 159.82 144.47
62.90 47.63 75.04 66.90 68.50 68.48 70.23 60.67 75.87 62.79 64.55 29.23 9.88 77.00 44.30 58.99 88.33 59.11 19.62 13.44 89.51 21.77 145.97 113.04 123.66 125.57 100.30 45.85 115.46 115.56 115.46 55.07 16.95 77.35 99.86 87.04 48.38 62.02 65.52 42.48 48.26 50.54 54.50 50.53 63.73 135.04 126.92 89.43 88.28 75.79 57.01 19.15 43.00 71.60 19.57 114.16 140.23 122.86 36.91 88.75 37.26 7.59 62.41 55.70 91.13 79.19 59.14 87.76 90.98 0.00 34.75 26.53 61.74 61.74 67.47 94.05 56.22 23.55 19.63 15.90 26.53 37.91 84.33 100.70 97.93 15.91 78.75 57.92 83.36 54.92 72.73 76.64 55.08 59.28 100.09 68.36 111.27 128.67 127.92 83.98
70.46 33.05 84.43 73.86 76.01 77.68 80.04 80.36 85.74 86.93 92.41 56.06 43.48 53.09 22.23 33.36 61.42 29.88 19.36 22.49 66.28 18.70 153.84 134.18 127.62 125.71 100.92 36.13 131.39 131.42 131.39 71.06 31.07 79.37 92.77 83.37 42.31 58.84 32.11 72.90 70.37 75.72 81.94 24.56 38.19 141.79 132.16 54.81 53.53 41.27 38.90 22.21 13.77 43.76 20.56 139.19 150.58 142.63 26.67 68.47 23.12 34.95 28.08 21.73 112.73 87.79 26.26 54.46 56.34 34.75 0.00 16.55 39.39 39.39 44.63 91.79 72.78 26.65 27.37 28.38 26.57 14.90 50.47 87.98 81.30 43.53 105.39 57.11 49.47 50.95 79.62 83.57 28.40 27.45 111.87 66.65 134.68 130.37 135.89 103.49
54.71 23.46 68.59 58.28 60.37 61.78 64.09 63.84 69.84 70.72 76.82 41.07 32.74 50.95 17.82 32.49 61.90 32.79 6.91 13.37 63.77 4.78 138.77 117.63 113.30 112.45 87.26 24.04 115.04 115.08 115.04 54.52 16.22 64.98 81.67 70.82 29.10 45.45 40.75 58.49 54.09 59.80 66.39 40.68 54.53 126.90 117.56 65.94 65.76 55.21 53.73 24.70 17.69 45.07 23.22 122.86 135.02 126.10 37.76 63.89 35.27 30.27 42.80 37.19 96.21 72.12 34.21 62.40 67.56 26.53 16.55 0.00 35.75 35.75 41.50 78.90 56.24 10.26 11.87 14.15 10.04 29.35 59.53 79.34 74.65 29.90 89.42 42.90 64.26 37.49 64.14 68.14 28.56 33.74 95.91 53.04 118.22 116.68 120.71 86.94
53.97 15.95 66.39 55.68 57.86 60.98 63.46 75.16 67.97 86.04 95.89 66.46 66.13 15.25 18.41 7.63 27.24 15.04 42.51 49.05 28.05 40.28 127.39 123.67 99.04 94.06 71.49 21.06 114.69 114.65 114.69 63.96 47.31 54.47 57.82 52.19 25.07 34.37 27.86 83.59 70.64 78.45 86.49 58.65 69.03 114.88 104.43 49.63 52.54 49.93 74.90 58.65 25.72 14.11 56.98 133.72 126.65 129.77 66.00 29.13 62.29 66.01 44.54 44.03 104.79 68.23 25.00 39.28 51.17 61.74 39.39 35.75 0.00 0.00 5.75 60.79 65.83 39.30 43.17 46.83 36.40 53.43 39.61 49.96 42.12 60.20 105.34 36.24 60.02 29.63 59.89 63.03 12.05 21.63 92.35 41.01 127.22 99.70 110.47 94.00
53.97 15.95 66.39 55.68 57.86 60.98 63.46 75.16 67.97 86.04 95.89 66.46 66.13 15.25 18.41 7.63 27.24 15.04 42.51 49.05 28.05 40.28 127.39 123.67 99.04 94.06 71.49 21.06 114.69 114.65 114.69 63.96 47.31 54.47 57.82 52.19 25.07 34.37 27.86 83.59 70.64 78.45 86.49 58.65 69.03 114.88 104.43 49.63 52.54 49.93 74.90 58.65 25.72 14.11 56.98 133.72 126.65 129.77 66.00 29.13 62.29 66.01 44.54 44.03 104.79 68.23 25.00 39.28 51.17 61.74 39.39 35.75 0.00 0.00 5.75 60.79 65.83 39.30 43.17 46.83 36.40 53.43 39.61 49.96 42.12 60.20 105.34 36.24 60.02 29.63 59.89 63.03 12.05 21.63 92.35 41.01 127.22 99.70 110.47 94.00
56.15 21.16 67.95 57.50 59.62 62.91 65.34 78.48 69.54 89.70 99.92 71.44 71.75 9.53 24.09 11.60 21.94 18.01 48.26 54.80 22.32 46.03 126.54 125.70 97.91 92.19 70.47 25.77 115.80 115.76 115.80 67.26 52.90 54.95 55.33 51.06 28.94 35.87 29.40 88.39 74.67 82.61 90.72 62.89 72.65 114.02 103.46 48.83 52.28 51.27 79.20 64.27 30.87 11.82 62.59 136.39 126.34 131.39 71.11 23.88 67.34 71.76 47.28 47.51 107.35 69.47 27.75 37.33 50.30 67.47 44.63 41.50 5.75 5.75 0.00 59.53 69.11 44.91 48.81 52.49 41.99 58.36 38.46 46.19 37.53 65.63 108.90 38.43 61.15 32.24 61.29 64.20 16.54 24.36 93.19 41.83 129.66 98.06 109.96 96.46
34.94 59.05 31.95 31.52 31.30 34.00 34.38 57.65 32.82 69.78 82.52 76.92 91.62 59.81 70.80 68.21 68.71 75.75 82.47 87.35 57.58 80.87 67.16 81.46 38.38 33.98 11.20 55.71 65.00 64.86 65.00 51.15 77.57 18.20 13.72 8.66 49.88 33.46 88.56 85.75 64.46 71.46 78.42 115.32 127.51 54.64 44.00 107.49 111.43 110.61 130.62 102.56 80.93 70.69 101.33 97.33 67.96 83.35 116.57 49.18 113.81 101.25 104.94 103.44 70.49 29.25 85.65 94.56 108.83 94.05 91.79 78.90 60.79 60.79 59.53 0.00 51.79 73.51 76.50 79.53 71.28 106.60 96.92 28.90 39.39 82.00 83.41 36.58 120.61 41.41 28.01 26.34 71.64 82.32 42.60 26.08 88.91 39.11 51.24 60.50
18.18 52.30 22.30 20.64 20.52 17.92 18.20 9.37 22.45 21.40 33.38 29.93 49.69 76.02 61.31 69.70 89.10 75.49 55.23 56.57 82.81 54.94 90.46 61.52 70.93 76.08 53.05 46.27 59.86 59.93 59.86 1.89 44.70 33.98 63.19 48.79 40.90 36.38 88.33 34.28 12.92 19.71 27.11 96.66 110.62 80.18 73.16 113.47 115.15 107.85 108.21 71.86 69.17 79.93 71.33 68.64 84.14 69.87 89.53 76.99 88.35 63.73 97.06 92.41 40.54 26.50 82.59 104.82 115.10 56.22 72.78 56.24 65.83 65.83 69.11 51.79 0.00 46.36 46.75 47.62 46.22 84.60 104.34 72.55 77.01 40.61 39.98 32.06 117.73 37.11 23.91 26.50 69.69 80.35 44.05 35.63 62.98 77.53 72.66 30.76
46.45 24.34 60.07 50.20 52.18 53.23 55.43 53.73 61.24 60.46 66.70 31.41 26.84 54.41 23.68 37.88 66.42 39.88 9.52 13.86 66.53 8.70 130.89 107.60 106.27 106.41 81.04 22.31 105.61 105.66 105.61 44.69 8.06 58.29 77.85 65.87 25.33 40.35 49.48 49.01 43.83 49.59 56.30 50.30 64.25 119.24 110.23 75.04 75.22 65.17 62.44 29.22 26.77 50.68 28.11 112.61 126.62 116.21 45.00 65.35 43.11 29.43 52.95 47.44 86.09 63.80 42.98 70.39 76.68 23.55 26.65 10.26 39.30 39.30 44.91 73.51 46.36 0.00 3.98 7.75 3.00 38.39 67.99 77.53 74.40 21.65 79.19 36.95 74.37 32.70 56.15 60.18 34.85 42.00 87.10 47.44 108.04 110.23 112.76 76.96
48.31 28.31 61.69 52.16 54.06 54.87 56.99 53.64 62.79 59.61 65.17 29.21 22.97 58.33 27.14 41.53 70.25 43.19 8.51 11.04 70.49 8.67 132.74 107.56 108.58 109.11 83.73 26.23 106.38 106.44 106.38 45.16 4.53 60.86 81.23 69.01 28.98 43.56 52.25 46.62 43.12 48.36 54.71 50.17 64.17 121.23 112.39 77.64 77.59 67.06 61.51 26.82 29.29 54.33 25.87 111.92 128.17 116.42 43.39 69.33 41.82 25.71 54.52 48.72 85.90 65.54 45.72 73.49 79.27 19.63 27.37 11.87 43.17 43.17 48.81 76.50 46.75 3.98 0.00 3.78 6.98 37.89 70.91 81.26 78.30 18.40 78.02 39.93 76.02 36.06 58.11 62.14 38.32 44.95 88.43 50.46 107.61 112.78 114.61 77.08
50.46 32.07 63.60 54.37 56.21 56.81 58.84 54.02 64.64 59.22 64.09 27.69 19.40 62.01 30.46 44.98 73.85 46.33 9.02 9.02 74.23 10.04 134.76 107.86 111.01 111.89 86.50 29.98 107.44 107.51 107.44 46.12 2.96 63.57 84.58 72.17 32.57 46.82 54.89 44.73 42.96 47.66 53.62 50.15 64.13 123.37 114.69 80.08 79.80 68.84 60.66 24.74 31.83 57.77 23.98 111.58 129.92 116.93 41.97 73.10 40.73 22.18 56.06 50.02 86.08 67.53 48.34 76.39 81.69 15.90 28.38 14.15 46.83 46.83 52.49 79.53 47.62 7.75 3.78 0.00 10.75 37.60 73.64 84.89 82.04 15.78 77.27 43.03 77.57 39.44 60.32 64.33 41.61 47.77 90.02 53.55 107.54 115.41 116.62 77.58
45.15 21.35 58.92 48.82 50.86 52.10 54.36 53.92 60.14 61.20 67.93 33.22 29.76 51.49 21.23 35.21 63.57 37.52 11.24 16.35 63.56 9.91 129.48 107.65 104.54 104.37 79.03 19.36 105.05 105.09 105.05 44.49 10.91 56.39 75.29 63.53 22.62 37.98 47.57 50.89 44.53 50.63 57.58 50.68 64.55 117.74 108.60 73.22 73.59 63.94 63.36 31.29 25.18 47.99 30.10 113.15 125.44 116.07 46.46 62.35 44.36 32.29 52.01 46.74 86.28 62.55 41.10 68.15 74.87 26.53 26.57 10.04 36.40 36.40 41.99 71.28 46.22 3.00 6.98 10.75 0.00 39.11 65.92 74.70 71.45 24.21 80.12 34.77 73.31 30.22 54.74 58.76 32.35 39.95 86.13 45.21 108.38 108.31 111.38 76.93
84.06 47.95 97.93 87.61 89.71 91.12 93.42 91.49 99.18 96.72 100.71 64.13 47.70 66.26 36.99 46.82 73.21 42.08 29.38 29.38 79.32 29.71 167.99 145.39 142.13 140.49 115.60 50.89 144.00 144.05 144.00 82.97 40.55 93.80 107.66 98.21 56.95 73.51 40.25 79.65 80.56 84.95 90.32 12.80 26.61 156.04 146.55 58.28 55.59 41.52 24.43 19.66 27.79 55.78 18.70 149.04 164.36 154.31 13.30 82.21 9.25 35.00 28.49 21.71 123.66 101.46 35.82 61.37 59.60 37.91 14.90 29.35 53.43 53.43 58.36 106.60 84.60 38.39 37.89 37.60 39.11 0.00 56.54 102.62 95.53 50.61 114.36 71.56 47.27 65.58 93.45 97.45 41.84 38.04 125.22 81.29 145.13 145.06 149.97 114.97
93.53 52.09 105.98 95.29 97.47 100.59 103.07 113.53 107.57 123.57 132.28 99.10 91.95 37.25 45.13 34.66 32.35 29.21 65.78 71.10 43.97 64.03 164.06 163.22 135.16 128.16 108.05 58.10 154.14 154.10 154.14 102.45 75.43 93.41 90.61 88.73 63.56 73.91 18.85 116.77 107.41 114.67 122.29 52.62 54.97 151.56 140.89 10.57 15.13 22.46 66.68 72.27 41.87 26.68 70.70 172.78 164.43 169.38 69.13 51.52 65.08 85.36 29.78 35.50 144.02 107.72 25.36 5.65 11.92 84.33 50.47 59.53 39.61 39.61 38.46 96.92 104.34 67.99 70.91 73.64 65.92 56.54 0.00 78.08 66.53 89.28 142.97 75.83 28.96 69.13 99.43 102.49 34.99 25.99 131.62 80.22 166.51 134.41 147.90 133.33
54.38 56.08 57.21 52.38 53.22 56.75 58.05 80.29 58.45 92.97 105.55 91.30 101.09 42.05 65.76 57.40 46.52 64.20 84.76 90.80 34.57 82.72 90.24 110.27 61.50 51.80 38.52 55.65 93.79 93.65 93.79 71.36 83.81 40.35 16.22 25.76 52.32 40.78 74.79 103.89 83.86 91.77 99.57 108.60 118.82 78.21 67.62 88.44 93.20 95.73 124.81 104.02 74.91 54.63 102.51 125.75 93.35 112.24 114.52 26.58 111.09 106.95 93.31 93.69 98.18 55.65 73.89 74.52 89.54 100.70 87.98 79.34 49.96 49.96 46.19 28.90 72.55 77.53 81.26 84.89 74.70 102.62 78.08 0.00 12.35 92.29 108.82 45.76 104.99 46.39 51.46 51.44 62.01 70.51 71.50 37.71 117.46 58.53 76.66 87.73
59.18 51.22 64.46 57.92 59.15 62.84 64.49 85.43 65.85 98.10 110.38 92.17 99.52 31.75 59.42 49.10 34.56 55.31 80.63 86.96 22.64 78.49 102.52 119.76 73.69 64.15 49.76 52.09 104.29 104.16 104.29 75.60 81.38 47.45 27.95 34.38 50.15 42.17 64.79 106.21 87.28 95.42 103.49 100.41 109.82 90.42 79.79 76.76 81.67 85.05 116.72 99.03 67.77 44.39 97.44 134.47 105.38 122.42 107.96 15.23 104.33 103.63 83.68 84.69 106.25 63.57 64.61 62.72 77.80 97.93 81.30 74.65 42.12 42.12 37.53 39.39 77.01 74.40 78.30 82.04 71.45 95.53 66.53 12.35 0.00 91.31 115.05 47.20 94.03 45.99 58.15 58.88 53.97 61.31 81.62 41.37 126.40 70.87 88.64 95.51
49.05 44.52 60.33 53.05 54.44 53.99 55.54 44.77 61.04 47.22 50.13 13.75 9.71 75.00 45.33 59.41 87.44 61.51 24.46 21.53 86.48 25.76 130.80 97.29 109.38 112.21 87.22 40.90 99.58 99.68 99.58 39.56 13.87 64.53 89.30 75.70 41.27 51.95 70.59 29.43 32.36 35.06 39.79 63.41 77.14 120.11 112.35 95.85 95.57 84.44 71.75 33.78 47.56 72.18 33.75 99.08 124.74 107.02 51.90 84.25 51.69 23.24 71.50 65.26 75.37 64.56 64.04 91.89 97.46 15.91 43.53 29.90 60.20 60.20 65.63 82.00 40.61 21.65 18.40 15.78 24.21 50.61 89.28 92.29 91.31 0.00 63.96 47.29 92.97 45.91 58.68 62.46 56.49 63.34 84.62 57.25 95.83 114.87 112.83 68.08
56.25 90.99 51.85 57.15 55.93 52.26 50.80 30.66 50.77 19.41 14.50 50.27 69.31 115.99 98.56 108.61 129.09 113.81 86.17 84.98 122.63 86.68 94.33 39.33 86.36 96.50 80.06 85.05 52.44 52.66 52.44 41.77 74.44 68.47 96.65 83.36 80.27 76.09 126.02 37.32 35.82 29.66 24.25 127.10 140.96 88.20 85.69 151.60 152.74 143.99 135.60 97.57 105.01 119.45 97.66 35.60 84.26 50.39 115.60 116.52 115.61 84.88 132.11 126.61 21.83 54.17 119.90 143.88 153.25 78.75 105.39 89.42 105.34 105.34 108.90 83.41 39.98 79.19 78.02 77.27 80.12 114.36 142.97 108.82 115.05 63.96 0.00 71.97 153.44 77.07 57.37 57.65 108.01 118.04 53.12 74.21 34.17 95.10 80.09 25.53
17.76 26.77 30.45 19.54 21.77 24.76 27.25 41.31 32.00 53.40 64.88 45.56 56.57 44.40 38.40 41.75 57.30 48.68 46.00 50.78 50.76 44.49 96.87 87.44 70.57 69.65 44.38 21.69 79.02 79.00 79.02 30.35 41.19 22.26 42.13 29.16 15.09 5.06 62.19 59.00 40.60 48.83 57.03 81.44 94.48 84.72 75.05 85.71 88.27 83.58 95.93 66.06 48.26 49.93 64.87 98.00 94.24 93.60 80.65 45.17 78.14 64.94 75.08 72.09 68.94 32.78 57.49 75.43 87.28 57.92 57.11 42.90 36.24 36.24 38.43 36.58 32.06 36.95 39.93 43.03 34.77 71.56 75.83 45.76 47.20 47.29 71.97 0.00 93.78 6.98 24.27 27.85 43.27 54.61 57.31 10.53 91.23 73.78 79.04 58.04
110.58 67.28 124.09 113.10 115.35 117.95 120.46 126.27 125.61 134.44 141.07 105.18 92.60 63.02 56.67 52.96 60.74 45.52 68.61 71.89 71.88 67.60 187.40 178.87 158.95 153.28 131.44 73.00 172.66 172.65 172.66 115.87 80.10 114.02 116.12 112.07 79.43 93.15 32.18 122.28 117.77 123.92 130.64 37.53 32.82 174.89 164.41 21.56 15.97 10.21 46.39 66.65 48.67 50.70 65.46 185.99 186.55 186.23 56.50 78.81 53.11 81.77 21.51 27.79 158.27 126.55 36.29 34.20 21.71 83.36 49.47 64.26 60.02 60.02 61.15 120.61 117.73 74.37 76.02 77.57 73.31 47.27 28.96 104.99 94.03 92.97 153.44 93.78 0.00 86.80 118.05 121.57 50.59 39.25 151.06 100.41 180.69 159.20 170.46 148.20
24.41 19.87 37.39 26.45 28.68 31.58 34.08 46.47 38.93 58.12 69.07 46.25 54.72 38.92 31.60 34.88 52.04 41.74 41.27 46.53 46.51 39.58 103.40 94.09 76.70 75.05 50.03 15.05 85.98 85.96 85.98 35.30 37.98 28.64 45.17 33.40 8.64 7.98 55.24 61.07 44.18 52.38 60.62 75.09 87.96 91.18 81.35 78.92 81.40 76.60 89.84 61.36 41.55 43.51 60.07 104.20 101.01 100.41 75.18 41.77 72.50 61.61 68.17 65.28 75.21 39.75 50.52 68.91 80.50 54.92 50.95 37.49 29.63 29.63 32.24 41.41 37.11 32.70 36.06 39.44 30.22 65.58 69.13 46.39 45.99 45.91 77.07 6.98 86.80 0.00 31.25 34.81 36.31 47.64 64.28 15.72 97.61 79.49 85.66 64.39
9.88 50.95 6.82 5.96 4.25 6.01 6.64 29.77 8.39 42.15 54.89 51.14 68.37 65.72 62.37 65.83 77.75 72.89 65.66 69.09 69.07 64.61 74.75 64.88 50.93 53.76 29.54 45.59 54.86 54.83 54.86 23.45 57.80 11.13 40.12 26.18 38.98 25.53 86.41 58.12 36.74 43.50 50.41 104.16 117.58 63.12 54.39 109.51 112.29 107.85 117.87 84.91 72.00 73.07 83.98 77.47 70.97 70.11 101.13 61.86 99.10 80.28 99.21 95.95 48.63 8.50 81.77 98.62 111.05 72.73 79.62 64.14 59.89 59.89 61.29 28.01 23.91 56.15 58.11 60.32 54.74 93.45 99.43 51.46 58.15 58.68 57.37 24.27 118.05 31.25 0.00 4.03 67.53 78.88 33.06 19.88 69.94 56.19 56.64 37.69
13.87 54.60 5.80 9.98 8.15 8.84 8.34 31.41 7.02 43.44 56.18 54.56 72.12 68.24 66.11 69.15 80.00 76.29 69.69 73.11 70.96 68.64 70.72 62.66 47.02 50.25 26.56 49.33 51.66 51.62 51.66 26.26 61.80 11.43 39.12 25.77 42.71 28.69 89.82 60.77 39.41 45.78 52.36 108.12 121.50 59.09 50.41 112.64 115.53 111.36 121.87 88.93 75.80 76.01 88.01 75.95 67.01 67.42 105.16 63.51 103.13 84.19 102.89 99.74 47.41 5.30 85.28 101.52 114.17 76.64 83.57 68.14 63.03 63.03 64.20 26.34 26.50 60.18 62.14 64.33 58.76 97.45 102.49 51.44 58.88 62.46 57.65 27.85 121.57 34.81 4.03 0.00 71.00 82.35 29.50 22.45 68.20 52.47 52.62 36.63
60.42 17.45 73.69 62.72 64.96 67.72 70.24 78.77 75.22 88.61 97.34 64.95 60.92 24.69 11.18 4.99 33.86 5.81 35.46 41.78 37.88 33.33 137.57 129.61 109.59 105.27 82.06 23.47 122.28 122.26 122.28 67.80 42.79 63.54 69.53 62.99 29.45 42.57 19.00 82.56 72.42 79.72 87.41 46.61 57.07 125.12 114.81 43.78 45.60 40.38 62.87 49.06 14.66 16.57 47.36 138.30 136.22 136.42 54.68 40.38 50.87 58.28 33.30 32.20 109.79 76.02 14.37 36.38 45.42 55.08 28.40 28.56 12.05 12.05 16.54 71.64 69.69 34.85 38.32 41.61 32.35 41.84 34.99 62.01 53.97 56.49 108.01 43.27 50.59 36.31 67.53 71.00 0.00 11.35 100.50 49.92 132.32 110.72 120.32 99.29
71.68 28.49 85.01 74.04 76.28 79.01 81.52 89.30 86.54 98.69 106.86 73.16 66.39 29.95 19.52 14.11 35.23 6.59 40.21 45.88 42.36 38.34 148.61 140.68 120.46 115.69 92.91 34.42 133.60 133.59 133.60 78.46 49.48 74.81 79.35 73.69 40.61 53.90 8.00 90.83 82.28 89.28 96.74 39.83 48.51 136.14 125.76 33.62 34.82 29.04 56.08 49.62 16.29 18.16 47.94 148.99 147.44 147.62 51.33 46.70 47.28 61.16 22.98 23.39 120.64 87.37 3.40 28.67 35.27 59.28 27.45 33.74 21.63 21.63 24.36 82.32 80.35 42.00 44.95 47.77 39.95 38.04 25.99 70.51 61.31 63.34 118.04 54.61 39.25 47.64 78.88 82.35 11.35 0.00 111.85 61.19 143.17 121.30 131.46 110.25
41.48 84.01 27.50 38.36 36.13 34.20 31.84 42.23 26.14 48.72 59.12 73.66 93.73 96.45 95.39 98.61 107.46 105.78 96.53 99.02 97.44 95.77 46.70 39.28 33.24 43.99 34.14 78.62 23.03 22.94 23.03 45.07 87.24 38.37 55.88 47.50 72.01 58.11 119.30 73.21 54.63 57.36 60.59 136.41 150.02 37.46 32.93 141.87 144.89 140.86 149.48 114.72 104.92 105.01 114.00 56.42 40.14 40.81 131.82 89.43 130.17 107.64 132.25 128.90 33.74 24.56 114.78 130.40 143.38 100.09 111.87 95.91 92.35 92.35 93.19 42.60 44.05 87.10 88.43 90.02 86.13 125.22 131.62 71.50 81.62 84.62 53.12 57.31 151.06 64.28 33.06 29.50 100.50 111.85 0.00 51.41 47.67 42.05 29.47 27.71
17.98 34.87 26.69 17.48 19.21 22.89 25.02 44.15 28.28 56.78 69.01 54.25 66.67 45.86 46.77 47.54 57.88 54.89 56.41 61.28 49.51 54.84 88.14 84.77 61.07 59.41 34.31 30.62 73.98 73.93 73.98 34.24 51.69 13.63 32.07 18.68 24.35 7.84 68.35 66.19 46.28 54.31 62.27 90.71 103.44 75.82 65.84 90.47 93.55 90.21 105.55 76.50 56.85 53.65 75.27 97.03 86.33 89.84 90.79 42.67 88.16 75.43 82.72 80.30 68.02 27.74 64.29 79.12 91.97 68.36 66.65 53.04 41.01 41.01 41.83 26.08 35.63 47.44 50.46 53.55 45.21 81.29 80.22 37.71 41.37 57.25 74.21 10.53 100.41 15.72 19.88 22.45 49.92 61.19 51.41 0.00 89.67 63.78 70.60 57.01
73.53 114.87 63.15 72.56 70.60 67.06 64.76 54.52 61.60 48.63 48.49 82.13 102.20 135.13 124.27 131.90 147.50 138.08 116.07 115.90 139.01 116.21 73.63 10.50 76.35 89.28 81.57 108.85 32.26 32.50 32.26 64.85 104.60 79.49 102.56 92.12 103.03 94.11 151.14 71.13 64.58 60.77 57.34 157.68 171.66 71.67 73.33 175.97 177.90 170.83 167.45 129.59 132.08 141.11 129.49 8.83 62.08 19.68 147.72 131.69 147.35 117.82 159.91 155.03 22.53 63.14 145.50 166.50 177.59 111.27 134.68 118.22 127.22 127.22 129.66 88.91 62.98 108.04 107.61 107.54 108.38 145.13 166.51 117.46 126.40 95.83 34.17 91.23 180.69 97.61 69.94 68.20 132.32 143.17 47.67 89.67 0.00 85.57 64.51 33.22
65.88 97.94 55.40 61.86 60.44 61.15 59.95 79.36 55.09 88.54 100.00 106.80 124.56 97.19 109.77 107.20 104.27 114.72 119.55 123.81 92.46 118.15 32.38 75.56 9.23 6.92 29.46 94.25 53.92 53.69 53.92 77.76 113.11 51.95 43.95 47.77 88.12 71.55 127.33 110.78 90.09 94.94 99.77 154.19 166.54 21.57 13.27 144.97 149.24 149.31 169.27 139.44 119.91 108.79 138.34 94.33 38.22 72.05 154.43 84.10 151.89 136.16 144.01 142.55 75.53 51.12 124.65 131.52 146.22 128.67 130.37 116.68 99.70 99.70 98.06 39.11 77.53 110.23 112.78 115.41 108.31 145.06 134.41 58.53 70.87 114.87 95.10 73.78 159.20 79.49 56.19 52.47 110.72 121.30 42.05 63.78 85.57 0.00 23.94 69.60
66.33 105.37 53.07 62.57 60.58 59.82 57.86 71.61 52.12 78.01 87.82 102.54 122.18 110.95 117.22 117.52 119.87 125.02 122.28 125.51 108.55 121.25 18.14 54.12 16.32 29.87 40.04 100.68 32.26 32.01 32.26 73.46 113.99 57.10 60.68 59.19 94.12 78.29 138.28 102.68 83.85 86.83 89.95 160.36 173.51 8.15 10.73 158.44 162.19 160.32 174.40 141.33 127.21 121.43 140.47 73.03 16.79 49.14 157.76 100.11 155.74 135.51 153.31 150.85 58.80 49.09 134.65 145.72 159.82 127.92 135.89 120.71 110.47 110.47 109.96 51.24 72.66 112.76 114.61 116.62 111.38 149.97 147.90 76.66 88.64 112.83 80.09 79.04 170.46 85.66 56.64 52.62 120.32 131.46 29.47 70.60 64.51 23.94 0.00 55.73
40.38 81.85 31.11 39.65 37.80 34.17 31.98 23.60 29.68 23.87 32.17 55.11 75.95 102.09 91.58 98.75 114.61 105.03 85.59 86.36 106.51 85.45 71.27 30.77 60.92 70.99 55.71 75.86 32.62 32.77 32.62 32.54 74.62 48.06 74.13 61.97 69.92 61.04 118.18 49.66 35.72 35.07 35.77 127.19 141.18 63.88 60.53 142.86 144.89 138.23 138.21 101.09 99.78 107.89 100.74 40.10 62.28 39.36 119.07 99.48 118.19 91.15 127.70 123.14 11.01 32.09 112.67 133.29 144.47 83.98 103.49 86.94 94.00 94.00 96.46 60.50 30.76 76.96 77.08 77.58 76.93 114.97 133.33 87.73 95.51 68.08 25.53 58.04 148.20 64.39 37.69 36.63 99.29 110.25 27.71 57.01 33.22 69.60 55.73 0.00

